[-1, 0, -4] =  Max(-1, 0, -4) = -1 
[-6, 0, 0] =  Max(-6, 0, 0) = -6 
[-3, 8, 6] =  Max(-3, 8, 6) = 8 
[-5, -4, 2] =  Max(-5, -4, 2) = 2 
[-5, -9, 4] =  Max(-5, -9, 4) = 4 
[4, 9, -5] =  Max([4, 9, -5]) = 9 
[3, -1, 6] =  Max([3, -1, 6]) = 6 
[-4, 1, 9] =  Max(-4, 1, 9) = 9 
[8, 3, 5] =  Max([8, 3, 5]) = 8 
[3, 9, -5] =  Max([3, 9, -5]) = 9 
[-3, 8, -8] =  Max(-3, 8, -8) = 8 
[-2, 8, -7] =  Max(-2, 8, -7) = 8 
[1, 6, 6] =  Max([1, 6, 6]) = 6 
[8, -4, 5] =  Max([8, -4, 5]) = 8 
[8, 2, 8] =  Max([8, 2, 8]) = 8 
[2, -8, 8] =  Max([2, -8, 8]) = 8 
[-4, 3, 0] =  Max(-4, 3, 0) = 3 
[-2, 2, 7] =  Max(-2, 2, 7) = 7 
[8, -3, 4] =  Max([8, -3, 4]) = 8 
[3, -1, -5] =  Max([3, -1, -5]) = 3 
[-1, 0, -3] =  Max(-1, 0, -3) = -1 
[-7, -3, 8] =  Max(-7, -3, 8) = 8 
[3, -1, 1] =  Max([3, -1, 1]) = 3 
[0, -6, 5] =  Max([0, -6, 5]) = 5 
[-6, -2, -4] =  Max(-6, -2, -4) = -2 
[8, 0, -1] =  Max([8, 0, -1]) = 8 
[0, -2, 6] =  Max([0, -2, 6]) = 6 
[7, 2, 3] =  Max([7, 2, 3]) = 7 
[0, 0, 9] =  Max([0, 0, 9]) = 9 
[2, -1, -9] =  Max([2, -1, -9]) = 2 
[9, 0, 9] =  Max([9, 0, 9]) = 9 
[-3, 5, 3] =  Max(-3, 5, 3) = 5 
[0, -7, -9] =  Max([0, -7, -9]) = -7 
[-2, 5, -1] =  Max(-2, 5, -1) = 5 
[-9, 8, 0] =  Max(-9, 8, 0) = 8 
[8, -2, -4] =  Max([8, -2, -4]) = 8 
[7, -4, 0] =  Max([7, -4, 0]) = 7 
[4, -2, -7] =  Max([4, -2, -7]) = 4 
[-8, 0, 5] =  Max(-8, 0, 5) = 5 
[-5, 0, -5] =  Max(-5, 0, -5) = 0 
[-2, 3, -2] =  Max(-2, 3, -2) = 3 
[4, 2, -1] =  Max([4, 2, -1]) = 4 
[4, -3, 3] =  Max([4, -3, 3]) = 4 
[5, 8, -6] =  Max([5, 8, -6]) = 8 
[4, 0, -1] =  Max([4, 0, -1]) = 4 
[1, 6, 9] =  Max([1, 6, 9]) = 9 
[3, 5, -6] =  Max([3, 5, -6]) = 5 
[4, -6, 5] =  Max([4, -6, 5]) = 5 
[2, -9, 9] =  Max([2, -9, 9]) = 9 
[-6, 9, 9] =  Max(-6, 9, 9) = 9 
[-2, -1, -4] =  Max(-2, -1, -4) = -1 
[-3, 2, 0] =  Max(-3, 2, 0) = 2 
[9, 3, 6] =  Max([9, 3, 6]) = 9 
[3, 2, -8] =  Max([3, 2, -8]) = 3 
[7, 8, -8] =  Max([7, 8, -8]) = 8 
[-7, 2, 7] =  Max(-7, 2, 7) = 7 
[4, -7, 1] =  Max([4, -7, 1]) = 4 
[2, -2, 3] =  Max([2, -2, 3]) = 3 
[8, 7, 6] =  Max([8, 7, 6]) = 8 
[6, 7, 0] =  Max([6, 7, 0]) = 7 
[3, 7, 3] =  Max([3, 7, 3]) = 7 
[2, 7, -2] =  Max([2, 7, -2]) = 7 
[-1, -6, -2] =  Max(-1, -6, -2) = -6 
[-7, -5, -5] =  Max(-7, -5, -5) = -5 
[8, 0, 5] =  Max([8, 0, 5]) = 8 
[-9, -2, 3] =  Max(-9, -2, 3) = 3 
[-5, 2, -9] =  Max(-5, 2, -9) = 2 
[-4, 9, 6] =  Max(-4, 9, 6) = 9 
[9, -1, 9] =  Max([9, -1, 9]) = 9 
[-5, 0, 6] =  Max(-5, 0, 6) = 6 
[2, 8, -4] =  Max([2, 8, -4]) = 8 
[-5, -3, 1] =  Max(-5, -3, 1) = 1 
[5, 0, -7] =  Max([5, 0, -7]) = 5 
[4, -9, 4] =  Max([4, -9, 4]) = 4 
[7, -8, -3] =  Max([7, -8, -3]) = 7 
[6, 3, -4] =  Max([6, 3, -4]) = 6 
[8, 5, -5] =  Max([8, 5, -5]) = 8 
[5, -1, -8] =  Max([5, -1, -8]) = 5 
[9, -4, 1] =  Max([9, -4, 1]) = 9 
[8, -2, -4] =  Max([8, -2, -4]) = 8 
[0, -9, -4] =  Max([0, -9, -4]) = -9 
[7, -1, -1] =  Max([7, -1, -1]) = 7 
[9, -4, 1] =  Max([9, -4, 1]) = 9 
[3, 8, 6] =  Max([3, 8, 6]) = 8 
[9, 0, 9] =  Max([9, 0, 9]) = 9 
[2, -8, 1] =  Max([2, -8, 1]) = 2 
[0, 3, 4] =  Max([0, 3, 4]) = 4 
[6, -1, 8] =  Max([6, -1, 8]) = 8 
[-4, -9, 9] =  Max(-4, -9, 9) = 9 
[8, -8, -7] =  Max([8, -8, -7]) = 8 
[4, 0, -1] =  Max([4, 0, -1]) = 4 
[2, 7, 8] =  Max([2, 7, 8]) = 8 
[-7, -5, -6] =  Max(-7, -5, -6) = -5 
[4, 6, -8] =  Max([4, 6, -8]) = 6 
[-6, 8, 0] =  Max(-6, 8, 0) = 8 
[9, -7, -7] =  Max([9, -7, -7]) = 9 
[7, -1, 0] =  Max([7, -1, 0]) = 7 
[6, 1, 3] =  Max([6, 1, 3]) = 6 
[-4, -6, 7] =  Max(-4, -6, 7) = 7 
[-9, -8, -2] =  Max(-9, -8, -2) = -8 
[36, 92, 38] =  Max([36, 92, 38]) = 92 
[61, -44, 42] =  Max([61, -44, 42]) = 61 
[-89, 30, 73] =  Max(-89, 30, 73) = 73 
[-60, 90, 48] =  Max(-60, 90, 48) = 90 
[64, -75, 42] =  Max([64, -75, 42]) = 42 
[-18, 52, -83] =  Max(-18, 52, -83) = 52 
[50, -83, -10] =  Max([50, -83, -10]) = 50 
[-97, -62, -69] =  Max(-97, -62, -69) = -62 
[29, 95, -11] =  Max([29, 95, -11]) = 95 
[-21, -88, -38] =  Max(-21, -88, -38) = -88 
[-55, -18, -31] =  Max(-55, -18, -31) = -31 
[10, -78, 48] =  Max([10, -78, 48]) = 48 
[-59, 81, -32] =  Max(-59, 81, -32) = 81 
[69, -20, 9] =  Max([69, -20, 9]) = 69 
[32, -58, 38] =  Max([32, -58, 38]) = 38 
[-45, 73, -37] =  Max(-45, 73, -37) = 73 
[-72, -87, 99] =  Max(-72, -87, 99) = 99 
[29, 77, -45] =  Max([29, 77, -45]) = 77 
[92, -98, 84] =  Max([92, -98, 84]) = 92 
[39, 56, 4] =  Max([39, 56, 4]) = 56 
[95, -53, 22] =  Max([95, -53, 22]) = 95 
[-21, -32, 61] =  Max(-21, -32, 61) = 61 
[-96, 28, -86] =  Max(-96, 28, -86) = 28 
[-1, 33, 68] =  Max(-1, 33, 68) = 68 
[-74, 48, 81] =  Max(-74, 48, 81) = 81 
[-71, -41, 78] =  Max(-71, -41, 78) = 78 
[-83, -52, 14] =  Max(-83, -52, 14) = 14 
[30, -68, 17] =  Max([30, -68, 17]) = 30 
[53, 75, 95] =  Max([53, 75, 95]) = 95 
[-52, 35, -4] =  Max(-52, 35, -4) = 35 
[-12, 87, 47] =  Max(-12, 87, 47) = 87 
[-15, 58, -11] =  Max(-15, 58, -11) = 58 
[-42, -31, -16] =  Max(-42, -31, -16) = -31 
[-27, -29, 42] =  Max(-27, -29, 42) = 42 
[69, -32, 22] =  Max([69, -32, 22]) = 69 
[75, 41, -2] =  Max([75, 41, -2]) = 75 
[-14, 95, 8] =  Max(-14, 95, 8) = 95 
[57, -64, -28] =  Max([57, -64, -28]) = 57 
[82, -3, -7] =  Max([82, -3, -7]) = 82 
[-56, 9, -10] =  Max(-56, 9, -10) = 9 
[-81, 74, -70] =  Max(-81, 74, -70) = 74 
[-64, 77, 55] =  Max(-64, 77, 55) = 77 
[-92, 27, 55] =  Max(-92, 27, 55) = 55 
[93, 12, 40] =  Max([93, 12, 40]) = 93 
[60, 8, 11] =  Max([60, 8, 11]) = 60 
[16, -71, -7] =  Max([16, -71, -7]) = 16 
[-45, 85, 96] =  Max(-45, 85, 96) = 96 
[13, -73, -64] =  Max([13, -73, -64]) = 13 
[71, 47, 14] =  Max([71, 47, 14]) = 71 
[-79, 78, -86] =  Max(-79, 78, -86) = 78 
[-3, -23, -34] =  Max(-3, -23, -34) = -34 
[18, 72, 84] =  Max([18, 72, 84]) = 84 
[95, -67, -27] =  Max([95, -67, -27]) = 95 
[92, 41, 99] =  Max([92, 41, 99]) = 99 
[-79, 6, 86] =  Max(-79, 6, 86) = 86 
[-56, 53, -34] =  Max(-56, 53, -34) = 53 
[-36, -86, 86] =  Max(-36, -86, 86) = 86 
[50, 76, -7] =  Max([50, 76, -7]) = 76 
[32, 37, -41] =  Max([32, 37, -41]) = 37 
[48, -68, 90] =  Max([48, -68, 90]) = 90 
[94, -5, 55] =  Max([94, -5, 55]) = 94 
[51, 90, -81] =  Max([51, 90, -81]) = 90 
[-79, 58, 88] =  Max(-79, 58, 88) = 88 
[-51, -67, 10] =  Max(-51, -67, 10) = 10 
[-21, -9, 65] =  Max(-21, -9, 65) = 65 
[-44, 93, 82] =  Max(-44, 93, 82) = 93 
[-77, 19, -97] =  Max(-77, 19, -97) = 19 
[-59, 96, -72] =  Max(-59, 96, -72) = 96 
[-79, -41, 80] =  Max(-79, -41, 80) = 80 
[38, 35, -75] =  Max([38, 35, -75]) = 38 
[-4, -7, 47] =  Max(-4, -7, 47) = 47 
[-49, 59, 74] =  Max(-49, 59, 74) = 74 
[-41, -77, -60] =  Max(-41, -77, -60) = -77 
[10, -64, 82] =  Max([10, -64, 82]) = 82 
[66, -78, -20] =  Max([66, -78, -20]) = 66 
[86, 76, -6] =  Max([86, 76, -6]) = 86 
[86, 49, 36] =  Max([86, 49, 36]) = 86 
[74, 84, 18] =  Max([74, 84, 18]) = 84 
[-76, 90, -10] =  Max(-76, 90, -10) = 90 
[-89, -94, -87] =  Max(-89, -94, -87) = -94 
[-2, 46, 39] =  Max(-2, 46, 39) = 46 
[17, 19, -9] =  Max([17, 19, -9]) = 19 
[4, 84, 43] =  Max([4, 84, 43]) = 84 
[-23, -88, -98] =  Max(-23, -88, -98) = -88 
[-86, 92, 30] =  Max(-86, 92, 30) = 92 
[68, 30, 39] =  Max([68, 30, 39]) = 68 
[-98, 36, 99] =  Max(-98, 36, 99) = 99 
[17, 32, 6] =  Max([17, 32, 6]) = 32 
[-15, 36, 10] =  Max(-15, 36, 10) = 36 
[11, -28, 57] =  Max([11, -28, 57]) = 57 
[30, -49, -10] =  Max([30, -49, -10]) = 30 
[42, 18, -17] =  Max([42, 18, -17]) = 42 
[60, -57, 78] =  Max([60, -57, 78]) = 78 
[-93, 77, 67] =  Max(-93, 77, 67) = 77 
[6, 30, -53] =  Max([6, 30, -53]) = 30 
[-68, 2, 80] =  Max(-68, 2, 80) = 80 
[0, 78, 45] =  Max([0, 78, 45]) = 78 
[-67, -46, 8] =  Max(-67, -46, 8) = 8 
[-60, 5, 81] =  Max(-60, 5, 81) = 81 
[-44, -30, 93] =  Max(-44, -30, 93) = 93 
[-340, -136, -45] =  Max(-340, -136, -45) = -340 
[797, -701, 475] =  Max([797, -701, 475]) = 797 
[733, 794, 966] =  Max([733, 794, 966]) = 966 
[-907, -42, 323] =  Max(-907, -42, 323) = 323 
[259, -37, 771] =  Max([259, -37, 771]) = 771 
[-886, 671, 339] =  Max(-886, 671, 339) = 671 
[761, -450, -916] =  Max([761, -450, -916]) = 761 
[509, -376, -946] =  Max([509, -376, -946]) = 509 
[80, 440, -616] =  Max([80, 440, -616]) = 440 
[335, 676, 302] =  Max([335, 676, 302]) = 676 
[454, 359, -457] =  Max([454, 359, -457]) = 454 
[-281, 654, 810] =  Max(-281, 654, 810) = 810 
[525, -820, 767] =  Max([525, -820, 767]) = 767 
[-694, -800, -448] =  Max(-694, -800, -448) = -800 
[370, 392, 972] =  Max([370, 392, 972]) = 972 
[-379, 380, -454] =  Max(-379, 380, -454) = 380 
[321, -665, 285] =  Max([321, -665, 285]) = 321 
[-530, -396, -935] =  Max(-530, -396, -935) = -935 
[219, 626, 292] =  Max([219, 626, 292]) = 626 
[-75, 462, 176] =  Max(-75, 462, 176) = 462 
[865, 327, 683] =  Max([865, 327, 683]) = 865 
[-307, 871, 161] =  Max(-307, 871, 161) = 871 
[-370, -520, -229] =  Max(-370, -520, -229) = -520 
[26, -369, -567] =  Max([26, -369, -567]) = 26 
[-905, 88, 67] =  Max(-905, 88, 67) = 88 
[787, 419, 843] =  Max([787, 419, 843]) = 843 
[460, -477, 696] =  Max([460, -477, 696]) = 696 
[-655, 601, -186] =  Max(-655, 601, -186) = 601 
[-56, -851, -127] =  Max(-56, -851, -127) = -851 
[726, 230, 354] =  Max([726, 230, 354]) = 726 
[-256, -201, 650] =  Max(-256, -201, 650) = 650 
[-546, 95, 514] =  Max(-546, 95, 514) = 514 
[-674, -639, -737] =  Max(-674, -639, -737) = -737 
[-845, -884, -29] =  Max(-845, -884, -29) = -884 
[666, 215, 785] =  Max([666, 215, 785]) = 785 
[642, -558, -296] =  Max([642, -558, -296]) = 642 
[-701, 415, -304] =  Max(-701, 415, -304) = 415 
[495, 475, -208] =  Max([495, 475, -208]) = 495 
[-751, 881, 353] =  Max(-751, 881, 353) = 881 
[-108, -326, -247] =  Max(-108, -326, -247) = -326 
[51, -297, 968] =  Max([51, -297, 968]) = 968 
[-923, -163, -833] =  Max(-923, -163, -833) = -833 
[163, -510, 527] =  Max([163, -510, 527]) = 527 
[967, -402, 517] =  Max([967, -402, 517]) = 517 
[-51, -288, -506] =  Max(-51, -288, -506) = -506 
[-549, 8, 867] =  Max(-549, 8, 867) = 867 
[-782, 412, -374] =  Max(-782, 412, -374) = 412 
[-566, 295, -75] =  Max(-566, 295, -75) = 295 
[-638, 696, 625] =  Max(-638, 696, 625) = 696 
[347, -571, -961] =  Max([347, -571, -961]) = 347 
[512, 41, 46] =  Max([512, 41, 46]) = 512 
[-467, -152, 620] =  Max(-467, -152, 620) = 620 
[166, -402, 631] =  Max([166, -402, 631]) = 631 
[-521, 545, -501] =  Max(-521, 545, -501) = 545 
[339, -689, -112] =  Max([339, -689, -112]) = 339 
[704, 644, -27] =  Max([704, 644, -27]) = 704 
[-794, 592, -591] =  Max(-794, 592, -591) = 592 
[-644, 738, -634] =  Max(-644, 738, -634) = 738 
[-32, -586, 970] =  Max(-32, -586, 970) = 970 
[-155, -422, -707] =  Max(-155, -422, -707) = -422 
[893, -868, -753] =  Max([893, -868, -753]) = 893 
[-332, -678, 489] =  Max(-332, -678, 489) = 489 
[-545, -350, -559] =  Max(-545, -350, -559) = -559 
[822, 709, 270] =  Max([822, 709, 270]) = 822 
[305, 230, 964] =  Max([305, 230, 964]) = 964 
[721, 500, -324] =  Max([721, 500, -324]) = 721 
[280, 294, -124] =  Max([280, 294, -124]) = 294 
[-353, -977, -791] =  Max(-353, -977, -791) = -977 
[80, 354, 946] =  Max([80, 354, 946]) = 946 
[-847, -551, -277] =  Max(-847, -551, -277) = -551 
[758, -600, -245] =  Max([758, -600, -245]) = 758 
[-238, -53, -102] =  Max(-238, -53, -102) = -238 
[140, -5, 987] =  Max([140, -5, 987]) = 987 
[-899, -487, 488] =  Max(-899, -487, 488) = 488 
[661, -60, -929] =  Max([661, -60, -929]) = 661 
[-740, 870, 959] =  Max(-740, 870, 959) = 959 
[180, 956, 941] =  Max([180, 956, 941]) = 956 
[766, -985, -893] =  Max([766, -985, -893]) = 766 
[617, 109, -950] =  Max([617, 109, -950]) = 617 
[-910, 961, -137] =  Max(-910, 961, -137) = 961 
[338, 166, 748] =  Max([338, 166, 748]) = 748 
[345, -809, 302] =  Max([345, -809, 302]) = 345 
[-654, 918, -415] =  Max(-654, 918, -415) = 918 
[-97, -189, 143] =  Max(-97, -189, 143) = 143 
[241, 457, -771] =  Max([241, 457, -771]) = 457 
[11, 267, 669] =  Max([11, 267, 669]) = 669 
[314, 163, -415] =  Max([314, 163, -415]) = 314 
[-318, 706, -120] =  Max(-318, 706, -120) = 706 
[-224, -980, 136] =  Max(-224, -980, 136) = 136 
[718, -562, -934] =  Max([718, -562, -934]) = 718 
[-780, 253, -696] =  Max(-780, 253, -696) = 253 
[-540, 720, 370] =  Max(-540, 720, 370) = 720 
[924, -517, 207] =  Max([924, -517, 207]) = 924 
[-452, 119, -696] =  Max(-452, 119, -696) = 119 
[-456, 828, -56] =  Max(-456, 828, -56) = 828 
[-572, 473, -688] =  Max(-572, 473, -688) = 473 
[-3, -763, 223] =  Max(-3, -763, 223) = 223 
[554, -61, 957] =  Max([554, -61, 957]) = 957 
[184, 787, -138] =  Max([184, 787, -138]) = 787 
[912, 391, 459] =  Max([912, 391, 459]) = 459 
[-8835, 2178, 5697] =  Max(-8835, 2178, 5697) = 5697 
[-56, 372, 4888] =  Max(-56, 372, 4888) = 4888 
[7546, -5671, -2541] =  Max([7546, -5671, -2541]) = 7546 
[-3376, -1102, -1653] =  Max(-3376, -1102, -1653) = -1653 
[-6590, -7191, 3839] =  Max(-6590, -7191, 3839) = 3839 
[9438, -5224, -9461] =  Max([9438, -5224, -9461]) = 9438 
[6775, 4923, -4508] =  Max([6775, 4923, -4508]) = 6775 
[768, -5642, 6244] =  Max([768, -5642, 6244]) = 6244 
[3012, 8813, 7758] =  Max([3012, 8813, 7758]) = 8813 
[6761, -6824, 9130] =  Max([6761, -6824, 9130]) = 9130 
[-1295, -7369, 6079] =  Max(-1295, -7369, 6079) = 6079 
[9878, 647, -1192] =  Max([9878, 647, -1192]) = 9878 
[-4967, 251, 3470] =  Max(-4967, 251, 3470) = 3470 
[3921, 9045, 5269] =  Max([3921, 9045, 5269]) = 9045 
[-5892, 8401, 8147] =  Max(-5892, 8401, 8147) = 8401 
[-6781, -749, -9216] =  Max(-6781, -749, -9216) = -9216 
[-6841, -4836, -2497] =  Max(-6841, -4836, -2497) = -4836 
[-9021, 5530, -4216] =  Max(-9021, 5530, -4216) = 5530 
[-8954, -8000, 3015] =  Max(-8954, -8000, 3015) = 3015 
[-6756, 2252, -3791] =  Max(-6756, 2252, -3791) = 2252 
[-990, -7916, -7993] =  Max(-990, -7916, -7993) = -7993 
[-8673, -4501, -8777] =  Max(-8673, -4501, -8777) = -8777 
[-8591, 2439, -3948] =  Max(-8591, 2439, -3948) = 2439 
[-6112, 6652, -7520] =  Max(-6112, 6652, -7520) = 6652 
[-6640, 6213, -6179] =  Max(-6640, 6213, -6179) = 6213 
[-7109, -5427, 9270] =  Max(-7109, -5427, 9270) = 9270 
[-4441, 762, -1218] =  Max(-4441, 762, -1218) = 762 
[-3394, -9617, 2362] =  Max(-3394, -9617, 2362) = 2362 
[6375, -8856, 5435] =  Max([6375, -8856, 5435]) = 6375 
[-7161, 3803, -1245] =  Max(-7161, 3803, -1245) = 3803 
[7381, -8038, 3737] =  Max([7381, -8038, 3737]) = 7381 
[-1404, -4839, 4037] =  Max(-1404, -4839, 4037) = 4037 
[5188, -5909, 1745] =  Max([5188, -5909, 1745]) = 5188 
[2170, 1430, -3070] =  Max([2170, 1430, -3070]) = 2170 
[-430, -1468, -5798] =  Max(-430, -1468, -5798) = -5798 
[-4781, 6779, 6353] =  Max(-4781, 6779, 6353) = 6779 
[-2777, -2274, -4405] =  Max(-2777, -2274, -4405) = -4405 
[4521, 6899, -4911] =  Max([4521, 6899, -4911]) = 6899 
[-3203, 7501, 1752] =  Max(-3203, 7501, 1752) = 7501 
[7212, 5484, -7055] =  Max([7212, 5484, -7055]) = 7212 
[5147, -2910, -6524] =  Max([5147, -2910, -6524]) = 5147 
[4592, -6437, 5980] =  Max([4592, -6437, 5980]) = 5980 
[440, -7563, -3434] =  Max([440, -7563, -3434]) = 440 
[-3965, 4139, -2525] =  Max(-3965, 4139, -2525) = 4139 
[-6566, -8755, 8300] =  Max(-6566, -8755, 8300) = 8300 
[1791, -4067, 5816] =  Max([1791, -4067, 5816]) = 5816 
[172, -1615, -4239] =  Max([172, -1615, -4239]) = 172 
[7303, -6129, -6408] =  Max([7303, -6129, -6408]) = 7303 
[1712, 4840, 6815] = Max([1712, 4840, 6815]) = 6815
[-3389, 8537, 7912] =  Max(-3389, 8537, 7912) = 8537 
[-4919, -732, 1885] =  Max(-4919, -732, 1885) = 1885 
[9042, 2623, -5422] =  Max([9042, 2623, -5422]) = 9042 
[7080, -6481, 478] =  Max([7080, -6481, 478]) = 7080 
[3371, -4560, 1025] =  Max([3371, -4560, 1025]) = 3371 
[7496, 1867, 4298] =  Max([7496, 1867, 4298]) = 7496 
[1871, -5700, 5766] =  Max([1871, -5700, 5766]) = 5766 
[-1931, -3908, 5003] =  Max(-1931, -3908, 5003) = 5003 
[9771, -2258, 9417] =  Max([9771, -2258, 9417]) = 9417 
[2733, -8022, -4732] =  Max([2733, -8022, -4732]) = 2733 
[-7939, -2236, -3196] =  Max(-7939, -2236, -3196) = -3196 
[7272, -8006, 2740] =  Max([7272, -8006, 2740]) = 7272 
[-3683, -8808, -4729] =  Max(-3683, -8808, -4729) = -8808 
[-9383, -1871, 4389] =  Max(-9383, -1871, 4389) = 4389 
[-6965, -1677, 4055] =  Max(-6965, -1677, 4055) = 4055 
[1923, -3882, -3438] =  Max([1923, -3882, -3438]) = 1923 
[3390, -972, 9340] =  Max([3390, -972, 9340]) = 9340 
[4794, 4740, 9383] =  Max([4794, 4740, 9383]) = 9383 
[-2078, 2174, -4090] =  Max(-2078, 2174, -4090) = 2174 
[4402, 6786, 6146] =  Max([4402, 6786, 6146]) = 6786 
[7449, -7996, 5362] =  Max([7449, -7996, 5362]) = 7449 
[6516, 3568, 7039] =  Max([6516, 3568, 7039]) = 7039 
[-9468, -2139, 9275] =  Max(-9468, -2139, 9275) = 9275 
[-2035, -2588, -7230] =  Max(-2035, -2588, -7230) = -7230 
[-4489, 1529, 5905] =  Max(-4489, 1529, 5905) = 5905 
[3836, 7032, 1494] =  Max([3836, 7032, 1494]) = 7032 
[3705, 8510, 7291] =  Max([3705, 8510, 7291]) = 8510 
[1160, 3751, -6276] =  Max([1160, 3751, -6276]) = 3751 
[-6270, 2181, 2340] =  Max(-6270, 2181, 2340) = 2340 
[5753, 3490, 2480] =  Max([5753, 3490, 2480]) = 5753 
[9659, 6291, 5759] =  Max([9659, 6291, 5759]) = 9659 
[9066, 9846, 9830] =  Max([9066, 9846, 9830]) = 9846 
[-8348, 3090, 6418] =  Max(-8348, 3090, 6418) = 6418 
[-8185, -9730, 1163] =  Max(-8185, -9730, 1163) = 1163 
[-6895, 5986, 8951] =  Max(-6895, 5986, 8951) = 8951 
[-4295, -3534, 652] =  Max(-4295, -3534, 652) = 652 
[-6590, -1350, -8791] =  Max(-6590, -1350, -8791) = -8791 
[-3329, -2545, 8788] =  Max(-3329, -2545, 8788) = 8788 
[-948, 4005, -1412] =  Max(-948, 4005, -1412) = 4005 
[-1956, 207, 2248] =  Max(-1956, 207, 2248) = 2248 
[2735, 6092, 2079] =  Max([2735, 6092, 2079]) = 6092 
[1046, 4308, -9447] =  Max([1046, 4308, -9447]) = 4308 
[-9287, -2734, -6024] =  Max(-9287, -2734, -6024) = -6024 
[42, -721, -201] =  Max([42, -721, -201]) = 42 
[-579, 9058, 6870] =  Max(-579, 9058, 6870) = 9058 
[-9364, -6108, -1956] =  Max(-9364, -6108, -1956) = -6108 
[-1129, -7620, 4625] =  Max(-1129, -7620, 4625) = 4625 
[3287, 4777, -9237] =  Max([3287, 4777, -9237]) = 4777 
[8954, -4016, 2466] =  Max([8954, -4016, 2466]) = 8954 
[-5488, 23, 6164] =  Max(-5488, 23, 6164) = 6164 
[-981, 2332, -4584] =  Max(-981, 2332, -4584) = 2332 
[98028, -11128, 76122] =  Max([98028, -11128, 76122]) = 76122 
[74425, 8163, 57014] =  Max([74425, 8163, 57014]) = 74425 
[91845, 96384, -42762] =  Max([91845, 96384, -42762]) = 96384 
[76638, -14283, 20369] =  Max([76638, -14283, 20369]) = 20369 
[-70244, 46961, -27215] =  Max(-70244, 46961, -27215) = 46961 
[89922, 39874, 92367] =  Max([89922, 39874, 92367]) = 92367 
[93212, 32534, -46627] =  Max([93212, 32534, -46627]) = 93212 
[-4073, 53004, -59270] =  Max(-4073, 53004, -59270) = 53004 
[-18322, -15919, 1567] =  Max(-18322, -15919, 1567) = 1567 
[82614, -84500, -11015] =  Max([82614, -84500, -11015]) = 82614 
[-84670, 58121, 16880] =  Max(-84670, 58121, 16880) = 58121 
[-75220, -56774, -94952] =  Max(-75220, -56774, -94952) = -94952 
[46392, 28143, 24530] =  Max([46392, 28143, 24530]) = 46392 
[80868, -32215, -84840] =  Max([80868, -32215, -84840]) = 80868 
[-36670, 50202, 17987] =  Max(-36670, 50202, 17987) = 50202 
[-2559, -50134, -93502] =  Max(-2559, -50134, -93502) = -50134 
[-42153, -50905, 35446] =  Max(-42153, -50905, 35446) = 35446 
[7679, -61824, -69393] =  Max([7679, -61824, -69393]) = 7679 
[31608, 34934, 69951] =  Max([31608, 34934, 69951]) = 69951 
[-23081, 31005, -77662] =  Max(-23081, 31005, -77662) = 31005 
[91823, -46095, 74403] =  Max([91823, -46095, 74403]) = 91823 
[-23010, 64282, -4975] =  Max(-23010, 64282, -4975) = 64282 
[62650, -89, 43481] =  Max([62650, -89, 43481]) = 62650 
[-7806, -2872, 19360] =  Max(-7806, -2872, 19360) = 19360 
[-48967, -92345, -86787] =  Max(-48967, -92345, -86787) = -92345 
[20644, -95990, 57261] =  Max([20644, -95990, 57261]) = 57261 
[90906, 80440, 46769] =  Max([90906, 80440, 46769]) = 80440 
[90242, 38602, 16691] =  Max([90242, 38602, 16691]) = 90242 
[-4244, 23865, 78956] =  Max(-4244, 23865, 78956) = 23865 
[-18434, -43406, -97693] =  Max(-18434, -43406, -97693) = -97693 
[92925, -87821, -83768] =  Max([92925, -87821, -83768]) = 92925 
[90855, -8885, 45938] =  Max([90855, -8885, 45938]) = 90855 
[96021, 55004, -21802] =  Max([96021, 55004, -21802]) = 96021 
[-62847, -75766, 85323] =  Max(-62847, -75766, 85323) = 85323 
[-38654, 2631, 41774] =  Max(-38654, 2631, 41774) = 41774 
[95942, 9830, -71702] =  Max([95942, 9830, -71702]) = 95942 
[56534, -85673, -21626] =  Max([56534, -85673, -21626]) = 56534 
[24901, 53645, 91382] =  Max([24901, 53645, 91382]) = 91382 
[-38980, 31135, -12571] =  Max(-38980, 31135, -12571) = 31135 
[-47294, 500, -56047] =  Max(-47294, 500, -56047) = 500 
[12712, -3373, -27125] =  Max([12712, -3373, -27125]) = 12712 
[52096, 61727, -64106] =  Max([52096, 61727, -64106]) = 61727 
[-48630, -49996, -48418] =  Max(-48630, -49996, -48418) = -48630 
[29654, 35200, 73956] =  Max([29654, 35200, 73956]) = 73956 
[87574, -45061, -70968] =  Max([87574, -45061, -70968]) = 87574 
[-68495, -54870, 70190] =  Max(-68495, -54870, 70190) = 70190 
[51747, 93625, 4551] =  Max([51747, 93625, 4551]) = 93625 
[15765, -99246, 58856] =  Max([15765, -99246, 58856]) = 58856 
[-10271, -89538, 57067] =  Max(-10271, -89538, 57067) = 57067 
[-8783, -11406, 50868] =  Max(-8783, -11406, 50868) = 50868 
[1620, 91804, -81665] =  Max([1620, 91804, -81665]) = 91804 
[-74264, 77061, 76372] =  Max(-74264, 77061, 76372) = 77061 
[45071, -53856, 34620] =  Max([45071, -53856, 34620]) = 45071 
[22570, 36099, 52818] =  Max([22570, 36099, 52818]) = 52818 
[-51877, -43449, 90507] =  Max(-51877, -43449, 90507) = 90507 
[44284, -39722, 40756] =  Max([44284, -39722, 40756]) = 44284 
[-39384, -97481, -58079] =  Max(-39384, -97481, -58079) = -97481 
[24633, 57896, -27707] =  Max([24633, 57896, -27707]) = 57896 
[67537, 20836, 8600] =  Max([67537, 20836, 8600]) = 67537 
[3794, -22772, -25265] =  Max([3794, -22772, -25265]) = 3794 
[-92357, -26097, 35910] =  Max(-92357, -26097, 35910) = 35910 
[4005, 31711, 48819] =  Max([4005, 31711, 48819]) = 48819 
[45843, -45121, -21432] =  Max([45843, -45121, -21432]) = 45843 
[-6507, 21352, -75007] =  Max(-6507, 21352, -75007) = 21352 
[85404, -53674, 67276] =  Max([85404, -53674, 67276]) = 67276
[-78792, -1109, -29329] =  Max(-78792, -1109, -29329) = -29329 
[-55549, -49345, -45706] =  Max(-55549, -49345, -45706) = -49345 
[81737, 52055, 76609] =  Max([81737, 52055, 76609]) = 76609 
[-77826, 79829, -37051] =  Max(-77826, 79829, -37051) = 79829 
[-83964, -42616, 36291] =  Max(-83964, -42616, 36291) = 36291 
[-67802, 31496, 7441] =  Max(-67802, 31496, 7441) = 31496 
[3336, 85904, -65191] =  Max([3336, 85904, -65191]) = 85904 
[76418, 92808, 74978] =  Max([76418, 92808, 74978]) = 92808 
[83665, -62355, 88063] =  Max([83665, -62355, 88063]) = 88063 
[38506, 12793, 61706] =  Max([38506, 12793, 61706]) = 61706 
[89091, -43992, -85778] =  Max([89091, -43992, -85778]) = 89091 
[-43426, 48717, 34152] =  Max(-43426, 48717, 34152) = 48717 
[-76490, 76062, 81350] =  Max(-76490, 76062, 81350) = 81350 
[-69446, -39106, 54146] =  Max(-69446, -39106, 54146) = 54146 
[59974, -18772, -41469] =  Max([59974, -18772, -41469]) = 59974 
[41079, 83165, -7603] =  Max([41079, 83165, -7603]) = 83165 
[-20766, -64169, 11539] =  Max(-20766, -64169, 11539) = 11539 
[62573, 50242, -611] =  Max([62573, 50242, -611]) = 62573 
[99201, -69603, 24979] =  Max([99201, -69603, 24979]) = 99201 
[-90901, 45134, 40906] =  Max(-90901, 45134, 40906) = 45134 
[8557, -5992, -39085] =  Max([8557, -5992, -39085]) = 8557 
[-56841, -90017, 17536] =  Max(-56841, -90017, 17536) = 17536 
[2506, 29939, -29402] =  Max([2506, 29939, -29402]) = 29939 
[-22149, 16143, 48049] =  Max(-22149, 16143, 48049) = 48049 
[-81675, 6368, -77846] =  Max(-81675, 6368, -77846) = 6368 
[15176, 54627, -58237] =  Max([15176, 54627, -58237]) = 54627 
[26934, 91120, 89881] =  Max([26934, 91120, 89881]) = 91120 
[68197, -35386, 81631] =  Max([68197, -35386, 81631]) = 81631 
[-80962, -15431, -37054] =  Max(-80962, -15431, -37054) = -37054 
[68569, 26433, -46913] =  Max([68569, 26433, -46913]) = 68569 
[-27222, 90204, -63001] =  Max(-27222, 90204, -63001) = 90204 
[-75255, 87690, 64763] =  Max(-75255, 87690, 64763) = 87690 
[-33540, -84454, 30298] =  Max(-33540, -84454, 30298) = 30298 
[5170, -38085, 47214] =  Max([5170, -38085, 47214]) = 47214 
[-6014, -1267, -18139] =  Max(-6014, -1267, -18139) = -18139 
