[1, 0, -4, -3, 3] =  Max([1, 0, -4, -3, 3]) = 3
[-6, 0, 0, -1, 3] =  Max(-6, 0, 0, -1, 3) = 3
[-3, 8, 6, -3, -7] =  Max(-3, 8, 6, -3, -7) = 8
[-5, -4, -2, -3, 5] =  Max(-5, -4, -2, -3, 5) = 5
[5, -9, -4, 0, 7] =  Max([5, -9, -4, 0, 7]) = 7
[-4, -9, 5, 9, 3] =  Max(-4, -9, 5, 9, 3) = 9
[3, 1, 6, -4, -7] =  Max([3, 1, 6, -4, -7]) = 6
[4, -1, 9, 2, 8] =  Max([4, -1, 9, 2, 8]) = 9
[8, -3, -5, 0, 3] =  Max([8, -3, -5, 0, 3]) = 8
[-3, -9, -5, -3, -7] =  Max(-3, -9, -5, -3, -7) = -9
[3, 8, 8, -4, 9] =  Max([3, 8, 8, -4, 9]) = 9
[2, 8, 7, -1, 0] =  Max([2, 8, 7, -1, 0]) = 8
[-1, 6, 6, 9, 7] =  Max(-1, 6, 6, 9, 7) = 9
[-8, 4, -5, 1, 4] =  Max(-8, 4, -5, 1, 4) = 4
[-8, -2, -8, -1, -4] =  Max(-8, -2, -8, -1, -4) = -8
[2, 8, -8, 0, -9] =  Max([2, 8, -8, 0, -9]) = 8
[-4, -3, 0, -3, 9] =  Max(-4, -3, 0, -3, 9) = 9
[2, -2, -7, -8, 2] =  Max([2, -2, -7, -8, 2]) = 2
[8, -3, -4, -6, 5] =  Max([8, -3, -4, -6, 5]) = 8
[3, 1, -5, 0, 9] =  Max([3, 1, -5, 0, 9]) = 9
[-1, 0, -3, -1, 0] =  Max(-1, 0, -3, -1, 0) = -3
[-7, 3, 8, -2, 9] =  Max(-7, 3, 8, -2, 9) = 9
[3, -1, 1, 6, 5] =  Max([3, -1, 1, 6, 5]) = 6
[0, -6, 5, -1, 3] =  Max([0, -6, 5, -1, 3]) = 5
[6, -2, -4, 7, -3] =  Max([6, -2, -4, 7, -3]) = 7
[-8, 0, -1, 3, -2] =  Max(-8, 0, -1, 3, -2) = 3
[0, 2, -6, 0, 6] =  Max([0, 2, -6, 0, 6]) = 6
[-7, -2, 3, -4, 3] =  Max(-7, -2, 3, -4, 3) = 3
[0, 0, -9, -7, -8] =  Max([0, 0, -9, -7, -8]) = -8
[-2, -1, 9, 1, 3] =  Max(-2, -1, 9, 1, 3) = 9
[-9, 0, -9, 1, -6] =  Max(-9, 0, -9, 1, -6) = 1
[-3, 5, -3, 4, 6] =  Max(-3, -3, 4, 5, 6) = 6
[0, -7, -9, -9, 1] =  Max([0, -7, -9, -9, 1]) = 1
[-2, -5, -1, 3, 5] =  Max(-2, -5, -1, 3, 5) = 5
[-9, 8, 0, 8, 4] =  Max(-9, 8, 0, 8, 4) = 8
[-8, 2, 4, -4, -9] =  Max(-8, 2, 4, -4, -9) = 4
[-7, 4, 0, 1, -6] =  Max(-7, 4, 0, 1, -6) = 4
[-4, -2, 7, 8, -6] =  Max(-4, -2, 7, 8, -6) = 8
[8, 0, -5, 9, 8] =  Max([8, 0, -5, 9, 8]) = 9
[5, 0, -5, 3, 3] =  Max([5, 0, -5, 3, 3]) = 5
[-2, -3, 2, -2, -6] =  Max(-2, -3, 2, -2, -6) = 2
[-4, -2, 1, 6, 0] =  Max(-4, -2, 1, 6, 0) = 6
[4, -3, -3, 0, -3] =  Max([4, -3, -3, 0, -3]) = 4
[5, 8, -6, 8, 5] =  Max([5, 8, -6, 8, 5]) = 8
[4, 0, 1, 9, -6] =  Max([4, 0, 1, 9, -6]) = 9
[-1, 6, 9, -3, 4] =  Max(-1, 6, 9, -3, 4) = 9
[-3, 5, -6, -1, -5] =  Max(-3, 5, -6, -1, -5) = 5
[4, -6, 5, -6, -4] =  Max([4, -6, 5, -6, -4]) = 5
[-2, -9, -9, 4, -6] =  Max(-2, -9, -9, 4, -6) = 4
[-6, 9, 9, -5, 7] =  Max(-6, 9, 9, -5, 7) = 9
[-2, 1, -4, -8, -9] =  Max(-2, 1, -4, -8, -9) = 1
[3, -2, 0, 0, -3] =  Max([3, -2, 0, 0, -3]) = 3
[-9, -3, 6, -7, 6] =  Max(-9, -3, 6, -7, 6) = 6
[3, -2, 8, -7, 0] =  Max([3, -2, 8, -7, 0]) = 8
[7, 8, 8, -9, 5] =  Max([7, 8, 8, -9, 5]) = 8
[-7, -2, -7, -7, -4] =  Max(-7, -2, -7, -7, -4) = -7
[4, 7, 1, 4, -3] =  Max([4, 7, 1, 4, -3]) = 7
[2, -2, -3, -6, 2] =  Max([2, -2, -3, -6, 2]) = 2
[8, 7, 6, 0, -3] =  Max([8, 7, 6, 0, -3]) = 8
[-6, 7, 0, -5, 4] =  Max(-6, 7, 0, -5, 4) = 7
[-3, 7, 3, 4, 6] =  Max(-3, 7, 3, 4, 6) = 7
[2, 7, 2, 9, 8] =  Max([2, 7, 2, 9, 8]) = 9
[1, 6, 2, -7, 2] =  Max([1, 6, 2, -7, 2]) = 6
[7, -5, 5, 6, -4] =  Max([7, -5, 5, 6, -4]) = 7
[-8, 0, -5, 3, 1] =  Max(-8, 0, -5, 3, 1) = 3
[9, -2, -3, -2, -7] =  Max([9, -2, -3, -2, -7]) = 9
[-5, 2, 9, -9, -1] =  Max(-5, 2, 9, -9, -1) = 9
[-4, 9, -6, -6, 3] =  Max(-4, 9, -6, -6, 3) = 9
[-9, 1, 9, 0, -5] =  Max(-9, 1, 9, 0, -5) = 9
[-5, 0, 6, 7, 1] =  Max(-5, 0, 6, 7, 1) = 7
[2, 8, -4, -9, 8] =  Max([2, 8, -4, -9, 8]) = 8
[-5, -3, -1, -4, -7] =  Max(-5, -3, -1, -4, -7) = -7
[5, 0, -7, 5, 2] =  Max([5, 0, -7, 5, 2]) = 5
[-4, -9, -4, -8, 0] =  Max(-4, -9, -4, -8) = -9
[7, -8, 3, 7, 7] =  Max([7, -8, 3, 7, 7]) = 7
[6, -3, 4, 9, 5] =  Max([6, -3, 4, 9, 5]) = 9
[-8, 5, 5, 7, 4] =  Max(-8, 5, 5, 7, 4) = 7
[5, 1, 8, 2, 3] =  Max([5, 1, 8, 2, 3]) = 8
[-9, -4, 1, 3, -4] =  Max(-9, -4, 1, 3, -4) = 3
[-8, 2, -4, 0, 0] =  Max(-8, 2, -4, 0, 0) = 2
[0, -9, 4, -7, 7] =  Max([0, -9, 4, -7, 7]) = 7
[7, 1, 1, -6, 7] =  Max([7, 1, 1, -6, 7]) = 7
[-9, -4, -1, -3, 1] =  Max(-9, -4, -1, -3, 1) = 1
[-3, 8, -6, -7, 7] =  Max(-3, 8, -6, -7, 7) = 8
[9, 0, 9, 1, -3] =  Max([9, 0, 9, 1, -3]) = 9
[-2, 8, -1, -2, 0] =  Max(-2, 8, -1, -2, 0) = 8
[0, 3, 4, 4, 7] =  Max([0, 3, 4, 4, 7]) = 7
[6, 1, -8, -3, 2] =  Max([6, 1, -8, -3, 2]) = 6
[4, -9, 9, 4, -7] =  Max([4, -9, 9, 4, -7]) = 9
[-8, 8, -7, -7, -1] =  Max(-8, 8, -7, -7, -1) = 8
[-4, 0, 1, -3, 9] =  Max(-4, 0, 1, -3, 9) = 9
[-2, -7, 8, -7, -4] =  Max(-2, -7, 8, -7, -4) = 8
[7, -5, -6, 5, 5] =  Max([7, -5, -6, 5, 5]) = 7
[-4, 6, -8, 0, 7] =  Max(-4, 6, -8, 0, 7) = 7
[6, -8, 0, 8, -7] =  Max([6, -8, 0, 8, -7]) = 8
[9, -7, 7, 0, 3] =  Max([9, -7, 7, 0, 3]) = 9
[7, 1, 0, 9, -3] =  Max([7, 1, 0, 9, -3]) = 9
[-6, -1, -3, -1, 7] =  Max(-6, -1, -3, -1, 7) = 7
[4, -6, 7, -7, -3] =  Max([4, -6, 7, -7, -3]) = 7
[9, -8, 2, 1, -4] =  Max([9, -8, 2, 1, -4]) = 9
[36, -92, 38, -75, 74] =  Max([36, -92, 38, -75, 74]) = 74
[-61, 44, 42, 70, -97] =  Max(-61, 44, 42, 70, -97) = 70
[-89, -30, -73, 49, -29] =  Max(-89, -30, -73, 49, -29) = -73
[-60, 90, 48, 49, 84] =  Max(-60, 90, 48, 49, 84) = 90
[64, -75, 42, -12, -56] =  Max([64, -75, 42, -12, -56]) = 64
[-18, 52, -83, 19, -9] =  Max(-18, 52, -83, 19, -9) = 52
[-50, 83, -10, -42, 86] =  Max(-50, -10, -42) = -10
[-97, 62, -69, 4, -79] =  Max(-97, 62, -69, 4, -79) = 62
[-29, -95, -11, -55, 12] =  Max(-29, -95, -11, -55, 12) = -95
[21, -88, -38, 3, -5] =  Max([21, -88, -38, 3, -5]) = 21
[-55, -18, -31, -67, -52] =  Max(-55, -18, -31, -67, -52) = -67
[-10, 78, 48, -79, -87] =  Max(-10, 78, 48, -79, -87) = 78
[59, 81, -32, -58, -32] =  Max([59, 81, -32, -58, -32]) = 81
[69, 20, -9, 56, 44] =  Max([69, 20, -9, 56, 44]) = 69
[-32, -58, -38, 25, 49] =  Max(-32, -58, -38, 25, 49) = 25
[-45, 73, -37, 89, 37] =  Max(-45, 73, -37, 89, 37) = 89
[-72, -87, 99, 95, 6] =  Max(-72, -87, 99, 95, 6) = 99
[-29, -77, -45, 28, -81] =  Max(-29, -77, -45, 28, -81) = -77
[92, -98, -84, -87, -17] =  Max([92, -98, -84, -87, -17]) = 92
[39, -56, -4, 74, 46] =  Max([39, -56, -4, 74, 46]) = 74
[-95, 53, 22, 25, -16] =  Max(-95, 53, 22, 25, -16) = 53
[-21, -32, 61, -37, -95] =  Max(-21, -32, 61, -37, -95) = 61
[96, 28, 86, 92, 86] =  Max([96, 28, 86, 92, 86]) = 96
[1, -33, -68, 15, -58] =  Max([1, -33, -68, 15, -58]) = 15
[-74, 48, 81, -47, 13] =  Max(-74, 48, 81, -47, 13) = 81
[-71, 41, 78, 28, -82] =  Max(-71, 41, 78, 28, -82) = 78
[83, 52, -14, 17, -5] =  Max([83, 52, -14, 17, -5]) = 83
[30, 68, -17, -49, -58] =  Max([30, 68, -17, -49, -58]) = 68
[53, 75, -95, -93, 19] =  Max([53, 75, -95, -93, 19]) = 75
[52, -35, 4, -88, -47] =  Max([52, -35, 4, -88, -47]) = 52
[-12, -87, -47, 69, -82] =  Max(-12, -87, -47, 69, -82) = 69
[-15, -58, -11, 84, -27] =  Max(-15, -58, -11, 84, -27) = 84
[42, 31, -16, -72, 26] =  Max([42, 31, -16, -72, 26]) = 42
[-27, -29, 42, 99, 18] =  Max(-27, -29, 42, 99, 18) = 42
[-69, 32, 22, -14, -84] =  Max(-69, 32, 22, -14, -84) = 32
[-75, -41, -2, -22, -33] =  Max(-75, -41, -2, -22, -33) = -33
[14, 95, 8, 60, -57] =  Max([14, 95, 8, 60, -57]) = 95
[57, -64, -28, 78, -5] =  Max([57, -64, -28, 78, -5]) = 78
[82, 3, 7, 61, 51] =  Max([82, 3, 7, 61, 51]) = 82
[56, -9, 10, -41, -77] =  Max([56, -9, 10, -41, -77]) = 56
[-81, -74, 70, 91, -41] =  Max(-81, -74, 70, 91, -41) = 91
[-64, 77, -55, -12, -89] =  Max(-64, 77, -55, -12, -89) = 77
[-92, 27, 55, -57, -29] =  Max(-92, 27, 55, -57, -29) = 55
[-93, 12, -40, -54, 40] =  Max(-93, 12, -40, -54, 40) = 40
[-60, -8, -11, 10, -11] =  Max(-60, -8, -11, 10, -11) = 10
[16, 71, -7, -75, -71] =  Max([16, 71, -7, -75, -71]) = 71
[-45, -85, -96, 54, -92] =  Max(-45, -85, -96, 54, -92) = -85
[13, -73, -64, -27, 19] =  Max([13, -73, -64, -27, 19]) = 19
[-71, -47, -14, -97, -35] =  Max(-71, -47, -14, -97, -35) = -97
[-79, -78, -86, 82, -71] =  Max(-79, -78, -86, 82, -71) = 82
[-3, -23, -34, 89, -97] =  Max(-3, -23, -34, 89, -97) = 89
[-18, -72, 84, 51, 8] =  Max(-18, -72, 84, 51, 8) = 84
[95, 67, -27, -48, 53] =  Max([95, 67, -27, -48, 53]) = 95
[92, -41, -99, -72, -76] =  Max([92, -41, -99, -72, -76]) = 92
[-79, 6, -86, -10, -34] =  Max(-79, 6, -86, -10, -34) = 6
[56, 53, 34, 27, -96] =  Max([56, 53, 34, 27, -96]) = 56
[-36, 86, 86, 75, -62] =  Max(-36, 86, 86, 75, -62) = 86
[-50, 76, 7, 0, -26] =  Max(-50, 76, 7, 0, -26) = 76
[-32, 37, 41, -15, 0] =  Max(-32, 37, 41, -15, 0) = 41
[-48, -68, 90, -29, 64] =  Max(-48, -68, 90, -29, 64) = 90
[-94, -5, 55, 2, 58] =  Max(-94, -5, 55, 2, 58) = 58
[-51, -90, 81, -53, 37] =  Max(-51, -90, 81, -53, 37) = 81
[79, 58, -88, 46, -11] =  Max([79, 58, -88, 46, -11]) = 79
[51, 67, -10, 50, 39] =  Max([51, 67, -10, 50, 39]) = 67
[21, 9, -65, 81, 14] =  Max([21, 9, -65, 81, 14]) = 81
[-44, 93, 82, 18, -30] =  Max(-44, 93, 82, 18, -30) = 93
[-77, -19, -97, -97, -83] =  Max(-77, -19, -97, -97, -83) = -97
[59, 96, 72, 97, -74] =  Max([59, 96, 72, 97, -74]) = 97
[-79, 41, 80, 40, 19] =  Max(-79, 41, 80, 40, 19) = 80
[38, 35, 75, 7, -45] =  Max([38, 35, 75, 7, -45]) = 75
[4, 7, -47, -36, -9] =  Max([4, 7, -47, -36, -9]) = 7
[-49, 59, 74, -70, 94] =  Max(-49, 59, 74, -70, 94) = 94
[41, 77, -60, -64, 19] =  Max([41, 77, -60, -64, 19]) = 77
[10, 64, 82, -22, 5] =  Max([10, 64, 82, -22, 5]) = 82
[-66, -78, -20, 46, -47] =  Max(-66, -78, -20, 46, -47) = -47
[-86, -76, -6, -80, -82] =  Max(-86, -76, -6, -80, -82) = -82
[86, -49, -36, 32, 92] =  Max([86, -49, -36, 32, 92]) = 92
[-74, -84, 18, -44, -39] =  Max(-74, -84, 18, -44, -39) = 18
[-76, 90, 10, 39, -71] =  Max(-76, 90, 10, 39, -71) = 90
[89, 94, 87, -67, 11] =  Max([89, 94, 87, -67, 11]) = 94
[2, 46, -39, 23, 27] =  Max([2, 46, -39, 23, 27]) = 46
[-17, 19, -9, -37, -12] =  Max(-17, 19, -9, -37, -12) = 19
[4, -84, -43, 98, 79] =  Max([4, -84, -43, 98, 79]) = 98
[-23, 88, -98, -79, 21] =  Max(-23, -98, -79) = -79
[86, 92, -30, -56, 78] =  Max([86, 92, -30, -56, 78]) = 92
[68, -30, -39, -60, 24] =  Max([68, -30, -39, -60, 24]) = 68
[98, 36, -99, -48, 64] =  Max([98, 36, -99, -48, 64]) = 98
[17, -32, -6, 82, 61] =  Max([17, -32, -6, 82, 61]) = 82
[15, 36, -10, 97, 20] =  Max([15, 36, -10, 97, 20]) = 97
[11, 28, -57, 44, 3] =  Max([11, 28, -57, 44, 3]) = 28
[30, 49, 10, 47, 28] =  Max([30, 49, 10, 47, 28]) = 49
[42, -18, -17, -4, -36] =  Max([42, -18, -17, -4, -36]) = 42
[60, -57, -78, 0, -10] =  Max([60, -57, -78, 0, -10]) = 60
[-93, -77, 67, -54, 14] =  Max(-93, -77, 67, -54, 14) = 67
[6, 30, -53, -81, 79] =  Max([6, 30, -53, -81, 79]) = 30
[68, 2, 80, -65, -73] =  Max([68, 2, 80, -65, -73]) = 80
[0, 78, -45, 30, -73] =  Max([0, 78, -45, 30, -73]) = 78
[67, -46, -8, -67, -69] =  Max([67, -46, -8, -67, -69]) = 67
[-60, -5, 81, -49, 47] =  Max(-60, -5, 81, -49, 47) = 81
[44, -30, -93, -84, 80] =  Max([44, -30, -93, -84, 80]) = 80
[340, 136, -45, 360, 559] =  Max([340, 136, -45, 360, 559]) = 559
[-797, -701, 475, 712, -490] =  Max(-797, -701, 475, 712, -490) = 712
[733, 794, -966, -468, 37] =  Max([733, 794, -966, -468, 37]) = 794
[-907, -42, -323, 955, 317] =  Max(-907, -42, -323, 955, 317) = 955
[-259, 37, -771, -662, 195] =  Max(-259, -771, -662) = -771
[-886, 671, -339, 279, -127] =  Max(-886, 671, -339, 279, -127) = 671
[761, -450, -916, 979, 395] =  Max([761, -450, -916, 979, 395]) = 979
[-509, 376, -946, -816, 531] =  Max(-509, -946, -816) = -946
[80, -440, 616, -842, 184] =  Max([80, -440, 616, -842, 184]) = 616
[335, -676, -302, -313, -456] =  Max([335, -676, -302, -313, -456]) = 335
[454, 359, 457, -43, 744] =  Max([454, 359, 457, -43, 744]) = 744
[-281, -654, 810, -970, -58] =  Max(-281, -654, 810, -970, -58) = 810
[525, -820, -767, -695, 163] =  Max([525, -820, -767, -695, 163]) = 525
[694, -800, -448, 35, -129] =  Max([694, -800, -448, 35, -129]) = 694
[-370, 392, 972, 580, -33] =  Max(-370, 392, 972, 580, -33) = 972
[-379, -380, 454, 781, -78] =  Max(-379, -380, 454, 781, -78) = 781
[321, -665, 285, -255, -983] =  Max([321, -665, 285, -255, -983]) = 321
[-530, -396, 935, -575, 120] =  Max(-530, -396, 935, -575, 120) = 935
[-219, -626, 292, 710, 938] =  Max(-219, -626, 292, 710, 938) = 938
[75, 462, 176, 920, 730] =  Max([75, 462, 176, 920, 730]) = 920
[865, 327, -683, 355, -726] =  Max([865, 327, -683, 355, -726]) = 865
[-307, -871, -161, 728, -726] =  Max(-307, -871, -161, 728, -726) = 728
[-370, 520, 229, 124, -205] =  Max(-370, 520, 229, 124, -205) = 520
[-26, 369, -567, -586, 377] =  Max(-26, -567, -586) = -567
[905, -88, -67, 316, -407] =  Max([905, -88, -67, 316, -407]) = 905
[787, -419, -843, -588, -75] =  Max([787, -419, -843, -588, -75]) = 787
[-460, -477, 696, 529, -352] =  Max(-460, -477, 696, 529, -352) = 696
[655, -601, -186, -786, -989] =  Max([655, -601, -186, -786, -989]) = 655
[-56, 851, 127, -530, 156] =  Max(-56, 851, 127, -530, 156) = 851
[-726, -230, 354, -970, 963] =  Max(-726, -230, 354, -970, 963) = 963
[-256, 201, 650, 979, 564] =  Max(-256, 201, 650, 979, 564) = 979
[-546, 95, 514, 656, 172] =  Max(-546, 95, 514, 656, 172) = 656
[674, -639, 737, -923, 619] =  Max([674, -639, 737, -923, 619]) = 737
[845, 884, 29, -83, 46] =  Max([845, 884, 29, -83, 46]) = 884
[-666, 215, -785, 585, 426] =  Max(-666, 215, -785, 585, 426) = 585
[-642, 558, -296, 657, -979] =  Max(-642, -296, 558, 657) = 657
[-701, 415, -304, -464, -74] =  Max(-701, 415, -304, -464, -74) = 415
[495, -475, -208, -348, -621] =  Max([-621, -475, -348, -208, 495]) = -621
[751, 881, 353, -998, -408] =  Max([751, 881, 353, -998, -408]) = 881
[108, -326, 247, 477, 125] =  Max([108, -326, 247, 477, 125]) = 477
[51, -297, -968, 393, 884] =  Max([51, -297, -968, 393, 884]) = 884
[-923, 163, 833, -335, -956] =  Max(-923, 163, 833, -335, -956) = 833
[163, 510, 527, 478, -510] =  Max([163, 510, 527, 478, -510]) = 527
[-967, -402, -517, 468, -989] =  Max(-967, -402, -517, 468, -989) = -517
[-51, -288, -506, 611, 903] =  Max(-51, -288, -506, 611, 903) = 903
[549, 8, 867, 110, -441] =  Max([549, 8, 867, 110, -441]) = 867
[782, 412, 374, 46, -410] =  Max([782, 412, 374, 46, -410]) = 782
[-566, -295, -75, -395, 516] =  Max(-566, -295, -75, -395) = -395
[-638, 696, 625, -121, -131] =  Max(-638, 696, 625, -121, -131) = 696
[-347, 571, -961, -374, 773] =  Max(-347, -961, -374) = -374
[512, 41, 46, -39, -140] =  Max([512, 41, 46, -39, -140]) = 512
[-467, -152, 620, 914, 527] =  Max(-467, -152, 620, 914, 527) = 914
[166, -402, 631, 757, 862] =  Max([166, -402, 631, 757, 862]) = 862
[-521, -545, 501, -725, -576] =  Max(-521, -545, 501, -725, -576) = 501
[-339, 689, 112, 426, -597] =  Max(-339, 689, 112, 426, -597) = 689
[-704, -644, -27, 611, 485] =  Max(-704, -644, -27, 611, 485) = 611
[-794, 592, 591, -233, 738] =  Max(-794, 592, 591, -233, 738) = 738
[-644, -738, -634, 793, -861] =  Max(-644, -738, -634, 793, -861) = -738
[32, 586, -970, -717, 112] =  Max([32, 586, -970, -717, 112]) = 586
[-155, -422, 707, 208, 420] =  Max(-155, -422, 707, 208, 420) = 707
[893, -868, -753, 744, -63] =  Max([893, -868, -753, 744, -63]) = 893
[-332, -678, -489, -538, -385] =  Max(-332, -678, -489, -538, -385) = -678
[545, 350, -559, -362, 692] =  Max([545, 350, -559, -362, 692]) = 692
[-822, 709, -270, 624, -495] =  Max(-822, 709, -270, 624, -495) = 709
[-305, -230, -964, -996, 304] =  Max(-305, -230, -964, -996, 304) = -996
[-721, -500, -324, 491, -357] =  Max(-721, -500, -324, 491, -357) = 491
[-280, 294, 124, -587, -692] =  Max(-280, 294, 124, -587, -692) = 294
[353, -977, 791, 823, -149] =  Max([353, -977, 791, 823, -149]) = 823
[80, -354, -946, -452, 671] =  Max([80, -354, -946, -452, 671]) = 671
[847, 551, 277, 955, 575] =  Max([847, 551, 277, 955, 575]) = 955
[758, -600, 245, 248, -51] =  Max([758, -600, 245, 248, -51]) = 758
[-238, -53, 102, 423, -338] =  Max(-238, -53, 102, 423, -338) = 423
[140, -5, -987, -563, 951] =  Max([140, -5, -987, -563, 951]) = 951
[899, 487, 488, 666, 204] =  Max([899, 487, 488, 666, 204]) = 666
[-661, -60, 929, 787, 91] =  Max(-661, -60, 929, 787, 91) = 929
[-740, 870, 959, 38, 935] =  Max(-740, 870, 959, 38, 935) = 959
[180, 956, -941, -37, -856] =  Max([180, 956, -941, -37, -856]) = 956
[-766, 985, 893, 948, -296] =  Max(-766, 985, 893, 948, -296) = 985
[617, 109, 950, 343, -291] =  Max([617, 109, 950, 343, -291]) = 950
[-910, -961, 137, -871, -516] =  Max(-910, -961, 137, -871, -516) = -961
[-338, -166, 748, -469, -663] =  Max(-338, -166, 748, -469, -663) = 748
[345, -809, 302, -581, -690] =  Max([345, -809, 302, -581, -690]) = 345
[-654, 918, -415, 846, 437] =  Max(-654, 918, -415, 846, 437) = 918
[-97, 189, 143, -488, 331] =  Max(-97, 189, 143, -488, 331) = 331
[-241, -457, -771, 273, 976] =  Max(-241, -457, -771, 273, 976) = 976
[11, 267, -669, 368, 709] =  Max([11, 267, -669, 368, 709]) = 709
[-314, 163, 415, -702, 514] =  Max(-314, 163, 415, -702, 514) = 514
[318, 706, 120, -654, -938] =  Max([318, 706, 120, -654, -938]) = 706
[224, 980, -136, 489, 156] =  Max([224, 980, -136, 489, 156]) = 980
[718, 562, 934, -482, -775] =  Max([718, 562, 934, -482, -775]) = 934
[-780, -253, -696, 772, -610] =  Max(-780, -253, -696, 772, -610) = 772
[540, 720, -370, 79, -939] =  Max([540, 720, -370, 79, -939]) = 79
[-924, -517, 207, -586, -549] =  Max(-924, -517, 207, -586, -549) = -517
[-452, -119, 696, 210, -734] =  Max(-452, -119, 696, 210, -734) = 696
[456, 828, -56, 464, 135] =  Max([456, 828, -56, 464, 135]) = 828
[-572, -473, 688, 826, 315] =  Max(-572, -473, 688, 826, 315) = 826
[3, 763, -223, -592, -74] =  Max([3, 763, -223, -592, -74]) = 763
[554, 61, 957, -915, 70] =  Max([554, 61, 957, -915, 70]) = 957
[184, -787, 138, -784, -656] =  Max([184, -787, 138, -784, -656]) = 184
[-912, 391, 459, 890, -939] =  Max(-912, 391, 459, 890, -939) = 890
[-8835, 2178, -5697, 1943, 2924] =  Max(-8835, 2178, -5697, 1943, 2924) = 2924
[-56, -372, 4888, -7585, -8920] =  Max(-56, -372, 4888, -7585, -8920) = 4888
[-7546, -5671, -2541, 4516, 3088] =  Max(-7546, -5671, -2541, 4516, 3088) = 4516
[-3376, 1102, 1653, 9731, -550] =  Max(-3376, 1102, 1653, 9731) = 9731
[-6590, 7191, -3839, -8843, -3559] =  Max(-6590, -3839, -3559) = -3559
[9438, -5224, -9461, 9796, 5253] =  Max([9438, -5224, -9461, 9796, 5253]) = 9796
[6775, -4923, 4508, -998, 9121] =  Max([6775, -4923, 4508, -998, 9121]) = 9121
[-768, 5642, -6244, -8592, 5222] =  Max(-768, -6244, -8592) = -6244
[-3012, -8813, -7758, -3948, -3692] =  Max(-3012, -8813, -7758, -3948, -3692) = -8813
[-6761, 6824, 9130, -8683, -2196] =  Max(-6761, 6824, 9130, -8683, -2196) = 9130
[1295, 7369, -6079, -1514, -8775] =  Max([1295, 7369, -6079, -1514, -8775]) = 7369
[-9878, 647, -1192, 3082, 9626] =  Max(-9878, 647, -1192, 3082, 9626) = 9626
[-4967, 251, -3470, 3113, -1922] =  Max(-4967, 251, -3470, 3113) = 3113
[3921, 9045, 5269, 4637, -6236] =  Max([3921, 9045, 5269, 4637, -6236]) = 9045
[-5892, -8401, 8147, 7635, -1615] =  Max(-5892, -8401, 8147, 7635, -1615) = 8147
[6781, -749, -9216, -3625, -2390] =  Max([6781, -749, -9216, -3625, -2390]) = 6781
[6841, 4836, -2497, -3214, 5404] =  Max([6841, 4836, -2497, -3214, 5404]) = 6841
[-9021, 5530, -4216, -8005, -8037] =  Max(-9021, 5530, -4216, -8005, -8037) = 5530
[8954, 8000, -3015, -8882, 962] =  Max([8954, 8000, -3015, -8882, 962]) = 8954
[6756, -2252, -3791, -1113, -2474] =  Max([6756, -2252, -3791, -1113, -2474]) = 6756
[990, -7916, 7993, -257, 108] =  Max([990, -7916, 7993, -257, 108]) = 7993
[-8673, -4501, 8777, 4697, 280] =  Max(-8673, -4501, 8777, 4697, 280) = 8777
[8591, 2439, -3948, 3144, -8625] =  Max([8591, 2439, -3948, 3144, -8625]) = 8591
[6112, 6652, -7520, 9256, -3984] =  Max([6112, 6652, -7520, 9256, -3984]) = 9256
[-6640, -6213, -6179, -9055, -7798] =  Max(-6640, -6213, -6179, -9055, -7798) = -9055
[-7109, 5427, -9270, -1562, -8653] =  Max(-7109, -9270, -8653) = -8653
[4441, -762, 1218, -4593, -8897] =  Max([4441, -762, 1218, -4593, -8897]) = 4441
[-3394, 9617, -2362, 6525, 1260] =  Max(-3394, 9617, -2362, 6525, 1260) = 9617
[6375, -8856, -5435, 6288, -2292] =  Max([6375, -8856, -5435, 6288, -2292]) = 6375
[7161, 3803, 1245, 5580, -9915] =  Max([7161, 3803, 1245, 5580, -9915]) = 7161
[-7381, -8038, -3737, -5829, -9060] =  Max(-7381, -8038, -3737, -5829, -9060) = -9060
[-1404, -4839, 4037, -1204, -1344] =  Max(-1404, -4839, 4037, -1204, -1344) = 4037
[5188, 5909, -1745, -1499, 85] =  Max([5188, 5909, -1745, -1499, 85]) = 5909
[-2170, -1430, -3070, -7061, 7353] =  Max(-2170, -1430, -3070, -7061) = -7061
[430, 1468, 5798, 9080, -1524] =  Max([430, 1468, 5798, 9080, -1524]) = 9080
[4781, -6779, 6353, -1387, 9167] =  Max([4781, -6779, 6353, -1387, 9167]) = 9167
[-2777, -2274, -4405, -4933, -4397] =  Max(-2777, -2274, -4405, -4933, -4397) = -4933
[4521, -6899, -4911, 7933, -1260] =  Max([4521, -6899, -4911, 7933, -1260]) = 7933
[-3203, -7501, -1752, 2219, -4991] =  Max(-3203, -7501, -1752, 2219, -4991) = -7501
[7212, -5484, 7055, -9738, -2230] =  Max([7212, -5484, 7055, -9738, -2230]) = 7212
[5147, -2910, 6524, 5228, 4775] =  Max([5147, -2910, 6524, 5228, 4775]) = 6524
[4592, -6437, 5980, 1865, -9238] =  Max([4592, -6437, 5980, 1865, -9238]) = 5980
[440, 7563, 3434, 7183, -4773] =  Max([440, 7563, 3434, 7183, -4773]) = 7563
[-3965, -4139, 2525, -6932, -6176] =  Max(-3965, -4139, 2525, -6932, -6176) = -3965
[-6566, -8755, -8300, 6853, 8907] =  Max(-6566, -8755, -8300, 6853, 8907) = 8907
[-1791, -4067, 5816, 2725, 725] =  Max(-1791, -4067, 5816, 2725, 725) = 5816
[172, 1615, -4239, -3637, -8366] =  Max([172, 1615, -4239, -3637, -8366]) = 1615
[-7303, -6129, -6408, -7586, 9643] =  Max(-7303, -6129, -6408, -7586) = -6129
[-1712, -4840, -6815, -1406, 1901] =  Max(-1712, -4840, -6815, -1406) = -4840
[-3389, 8537, 7912, 5706, 7801] =  Max(-3389, 8537, 7912, 5706, 7801) = 8537
[4919, 732, 1885, 370, -5620] =  Max([4919, 732, 1885, 370, -5620]) = 1885
[-9042, -2623, 5422, -9172, 6985] =  Max(-9042, -2623, 5422, -9172, 6985) = 6985
[7080, -6481, -478, -3232, 7365] =  Max([7080, -6481, -478, -3232, 7365]) = 7365
[3371, 4560, 1025, 9459, -1667] =  Max([3371, 4560, 1025, 9459]) = 9459
[-7496, 1867, 4298, -8019, 8646] =  Max(-7496, 1867, 4298, -8019, 8646) = 8646
[1871, -5700, 5766, -7501, 2826] =  Max([1871, -5700, 5766, -7501, 2826]) = 5766
[1931, -3908, -5003, 1916, -2999] =  Max([1931, -3908, -5003, 1916, -2999]) = 1931
[9771, 2258, -9417, 6286, -6931] =  Max([9771, 2258, -9417, 6286, -6931]) = 9771
[2733, 8022, -4732, -2298, 3065] =  Max([2733, 8022, -4732, -2298, 3065]) = 8022
[-7939, 2236, -3196, -6290, -9200] =  Max(-7939, -3196, -6290, -9200) = -6290
[-7272, 8006, -2740, -1354, 9263] =  Max(-7272, -2740, -1354) = -2740
[3683, 8808, -4729, 2755, 7492] =  Max([3683, 8808, -4729, 2755, 7492]) = 8808
[9383, 1871, 4389, 8898, -6010] =  Max([9383, 1871, 4389, 8898]) = 9383
[-6965, -1677, 4055, 4877, -528] =  Max(-6965, -1677, 4055, 4877) = 4877
[-1923, -3882, -3438, -9632, 5744] =  Max(-1923, -3882, -3438, -9632) = -3438
[3390, 972, -9340, 5747, -8720] =  Max([3390, 972, -9340, 5747, -8720]) = 5747
[-4794, -4740, 9383, 4380, -8428] =  Max(-4794, -4740, 9383, 4380, -8428) = 9383
[-2078, -2174, -4090, -2396, -5277] =  Max(-2078, -2174, -4090, -2396, -5277) = -5277
[4402, -6786, -6146, -7405, 1237] =  Max([4402, -6786, -6146, -7405, 1237]) = 4402
[-7449, -7996, -5362, 9534, 40] =  Max(-7449, -7996, -5362, 9534, 40) = 9534
[6516, -3568, -7039, 3470, 8105] =  Max([6516, -3568, -7039, 3470, 8105]) = 8105
[9468, 2139, 9275, -7951, -5631] =  Max([9468, 2139, 9275, -7951, -5631]) = 9275
[-2035, 2588, 7230, -7479, 11] =  Max(-2035, 2588, 7230, -7479, 11) = 7230
[4489, -1529, 5905, 4102, -1350] =  Max([4489, -1529, 5905, 4102, -1350]) = 5905
[-3836, -7032, 1494, -1559, -17] =  Max(-3836, -7032, 1494, -1559, -17) = -3836
[3705, 8510, 7291, 152, 132] =  Max([3705, 8510, 7291, 152, 132]) = 8510
[1160, -3751, 6276, 1463, -1678] =  Max([1160, -3751, 6276, 1463, -1678]) = 6276
[-6270, 2181, 2340, -1120, -8691] =  Max(-6270, 2181, 2340, -1120, -8691) = 2340
[5753, -3490, -2480, 6745, -7248] =  Max([5753, -3490, -2480, 6745, -7248]) = 6745
[-9659, -6291, -5759, -7035, 5152] =  Max(-9659, -6291, -5759, -7035) = -7035
[9066, -9846, -9830, 9954, 4668] =  Max([9066, -9846, -9830, 9954, 4668]) = 9954
[-8348, -3090, 6418, -4842, 894] =  Max(-8348, -3090, 6418, -4842, 894) = 6418
[8185, 9730, -1163, -8655, -197] =  Max([8185, 9730, -1163, -8655, -197]) = 9730
[6895, -5986, 8951, 2830, 7717] =  Max([6895, -5986, 8951, 2830, 7717]) = 8951
[4295, 3534, 652, 990, 6520] =  Max([4295, 3534, 652, 990, 6520]) = 6520
[6590, -1350, -8791, 8808, 2501] =  Max([6590, -1350, -8791, 8808, 2501]) = 8808
[3329, 2545, 8788, 5353, 6401] =  Max([3329, 2545, 8788, 5353, 6401]) = 8788
[948, -4005, 1412, 7118, -1900] =  Max([948, -4005, 1412, 7118, -1900]) = 7118
[-1956, -207, -2248, 185, 2684] =  Max(-1956, -207, -2248, 185, 2684) = 2684
[2735, -6092, 2079, -4403, -1934] =  Max([2735, -6092, 2079, -4403, -1934]) = 2735
[1046, -4308, -9447, 1262, 8128] =  Max([1046, -4308, -9447, 1262, 8128]) = 8128
[-9287, 2734, -6024, -2577, -4179] =  Max(-9287, 2734, -6024, -2577, -4179) = -2577
[-42, 721, -201, 4006, -753] =  Max(-42, 721, -201, 4006, -753) = 721
[579, 9058, 6870, -3678, -5272] =  Max([579, 9058, 6870, -3678, -5272]) = 9058
[9364, 6108, 1956, 8225, 862] =  Max([9364, 6108, 1956, 8225, 862]) = 9364
[1129, -7620, 4625, 5090, 5362] =  Max([1129, -7620, 4625, 5090, 5362]) = 5362
[-3287, -4777, -9237, 4979, -3974] =  Max(-3287, -4777, -9237, 4979, -3974) = -3287
[-8954, -4016, 2466, -104, 6718] =  Max(-8954, -4016, 2466, -104, 6718) = 6718
[5488, 23, 6164, 5038, 1703] =  Max([5488, 23, 6164, 5038, 1703]) = 6164
[-981, 2332, 4584, 1524, 719] =  Max(-981, 2332, 4584, 1524, 719) = 4584
[-98028, -11128, 76122, 12527, 66247] =  Max([-98028, -11128, 76122, 12527, 66247]) = 66247
[-74425, -8163, 57014, 86827, 17132] =  Max([-74425, -8163, 57014, 86827, 17132]) = 86827
[91845, -96384, -42762, 41688, 59343] =  Max([91845, -96384, -42762, 41688, 59343]) = 59343
[76638, 14283, -20369, 13848, -21544] =  Max([76638, 14283, -20369, 13848, -21544]) = 76638
[70244, 46961, 27215, 59233, -40410] =  Max([70244, 46961, 27215, 59233]) = 70244
[89922, -39874, -92367, 91341, -79076] =  Max([89922, -39874, -92367, 91341, -79076]) = 91341
[93212, 32534, -46627, 51936, -67300] =  Max([93212, 32534, -46627, 51936, -67300]) = 51936
[-4073, 53004, 59270, 72869, -98052] =  Max([-4073, 53004, 59270, 72869, -98052]) = 72869
[18322, -15919, 1567, 8083, -29135] =  Max([18322, -15919, 1567, 8083, -29135]) = 18322
[82614, -84500, -11015, -76326, 76823] =  Max([82614, -84500, -11015, -76326, 76823]) = 82614
[84670, 58121, 16880, 12055, 43456] =  Max([84670, 58121, 16880, 12055, 43456]) = 43456
[-75220, -56774, 94952, 51773, 65028] =  Max([-75220, -56774, 94952, 51773, 65028]) = 94952
[-46392, -28143, 24530, -36042, 36681] =  Max([-46392, -28143, 24530, -36042, 36681]) = 36681
[-80868, 32215, -84840, -38680, -65390] =  Max([-80868, 32215, -84840, -38680, -65390]) = 32215
[-36670, -50202, -17987, -54949, -26143] =  Max([-36670, -50202, -17987, -54949, -26143]) = -50202
[-2559, 50134, -93502, 47069, 62873] =  Max([-2559, 50134, -93502, 47069, 62873]) = 62873
[42153, 50905, 35446, 23568, 3416] =  Max([42153, 50905, 35446, 23568, 3416]) = 50905
[7679, 61824, -69393, -46849, 76544] =  Max([7679, 61824, -69393, -46849, 76544]) = 76824
[-31608, -34934, 69951, 96607, 7328] =  Max([-31608, -34934, 69951, 96607, 7328]) = 96607
[23081, -31005, -77662, -41681, 96744] =  Max([23081, -31005, -77662, -41681, 96744]) = 96744
[91823, -46095, 74403, -73873, -18625] =  Max([91823, -46095, 74403, -73873, -18625]) = 91823
[-23010, 64282, -4975, -11830, -7362] =  Max([-23010, 64282, -4975, -11830, -7362]) = 64282
[-62650, -89, -43481, 80495, -26406] =  Max([-62650, -89, -43481, 80495, -26406]) = 80495
[7806, -2872, -19360, -76888, 92365] =  Max([7806, -2872, -19360, -76888, 92365]) = 92365
[-48967, 92345, -86787, -51851, -76810] =  Max([-48967, 92345, -86787, -51851, -76810]) = 92345
[-20644, -95990, -57261, -83789, 63858] =  Max([-20644, -95990, -57261, -83789]) = -95990
[90906, -80440, -46769, 29260, 87232] =  Max([90906, -80440, -46769, 29260, 87232]) = 90906
[90242, -38602, 16691, -23292, 95529] =  Max([90242, -38602, 16691, -23292, 95529]) = 95529
[4244, -23865, 78956, -41709, -80134] =  Max([4244, -23865, 78956, -41709, -80134]) = 78956
[18434, -43406, -97693, -10198, -31194] =  Max([18434, -43406, -97693, -10198, -31194]) = -97693
[-92925, 87821, 83768, -95588, 44007] =  Max([-92925, 87821, 83768, -95588, 44007]) = 87821
[90855, -8885, 45938, 33640, 14160] =  Max([90855, -8885, 45938, 33640, 14160]) = 45938
[96021, 55004, 21802, 54266, -64629] =  Max([96021, 55004, 21802, 54266]) = 55004
[62847, 75766, 85323, -99384, -90067] =  Max([62847, 75766, 85323]) = 85323
[38654, 2631, 41774, -34226, 13726] =  Max([38654, 2631, 41774, -34226, 13726]) = 41774
[-95942, 9830, -71702, 12203, -44295] =  Max([-95942, 9830, -71702, 12203, -44295]) = 12203
[-56534, -85673, 21626, -79602, -56911] =  Max([-56534, -85673, 21626, -79602, -56911]) = 21626
[24901, 53645, -91382, -72628, 94638] =  Max([24901, 53645, -91382, -72628, 94638]) = 53645
[-38980, 31135, 12571, -6505, 51498] =  Max([-38980, 31135, 12571, -6505, 51498]) = 51498
[-47294, 500, -56047, -11485, -38607] =  Max([-47294, 500, -56047, -11485, -38607]) = -38607
[12712, -3373, 27125, 22391, -83648] =  Max([12712, -3373, 27125, 22391, -83648]) = 27125
[-52096, 61727, -64106, 86643, 34734] =  Max([-52096, 61727, -64106, 86643, 34734]) = 61727
[48630, -49996, -48418, 24455, -58428] =  Max([48630, -49996, -48418, 24455, -58428]) = 48630
[-29654, 35200, 73956, -8079, 19808] =  Max([-29654, 35200, 73956, -8079, 19808]) = 73956
[87574, -45061, 70968, 54262, -99150] =  Max([87574, -45061, 70968, 54262, -99150]) = 70968
[68495, -54870, 70190, 90055, 62236] =  Max([68495, -54870, 70190, 90055, 62236]) = 90055
[-51747, 93625, -4551, -65811, 74870] =  Max([-51747, 93625, -4551, -65811, 74870]) = 93625
[15765, 99246, -58856, 22659, 21910] =  Max([15765, 99246, -58856, 22659, 21910]) = 99246
[10271, 89538, -57067, -26465, 82211] =  Max([10271, 89538, -57067, -26465, 82211]) = 89538
[-8783, -11406, 50868, 72923, 52082] =  Max([-8783, -11406, 50868, 72923, 52082]) = 72923
[-1620, 91804, -81665, -77014, 68493] =  Max([-1620, 91804, -81665, -77014, 68493]) = 91804
[-74264, -77061, 76372, 99402, 13133] =  Max([-74264, -77061, 76372, 99402, 13133]) = 99402
[45071, 53856, -34620, 50206, 85824] =  Max([45071, 53856, -34620, 50206, 85824]) = 85824
[22570, 36099, 52818, 18855, 81034] =  Max([22570, 36099, 52818, 18855, 81034]) = 81034
[-51877, 43449, -90507, -31139, 6460] =  Max([-51877, 43449, -90507, -31139, 6460]) = 43449
[-44284, 39722, -40756, 36745, 64437] =  Max([-44284, 39722, -40756, 36745, 64437]) = 64437
[-39384, -97481, -58079, 42056, 35313] =  Max([-39384, -97481, -58079, 42056, 35313]) = -39384
[-24633, -57896, -27707, 53368, 97117] =  Max([-24633, -57896, -27707, 53368, 97117]) = 97117
[67537, 20836, 8600, -40779, -93004] =  Max([67537, 20836, 8600, -40779, -93004]) = 67537
[3794, -22772, 25265, -26309, 7553] =  Max([3794, -22772, 25265, -26309, 7553]) = 25265
[92357, 26097, -35910, -48280, -60846] =  Max([92357, 26097, -35910, -48280, -60846]) = 92357
[-4005, 31711, 48819, 64066, 77862] =  Max([-4005, 31711, 48819, 64066, 77862]) = 77862
[-45843, 45121, 21432, 33903, -98167] =  Max([-45843, 45121, 21432, 33903, -98167]) = 45121
[6507, 21352, -75007, -28091, 29012] =  Max([6507, 21352, -75007, -28091, 29012]) = 21352
[85404, -53674, 67276, 2628, -89417] =  Max([85404, -53674, 67276, 2628, -89417]) = 67276
[-78792, 1109, -29329, -33081, 79736] =  Max([-78792, 1109, -29329, -33081, 79736]) = 79736
[55549, 49345, -45706, 60161, 33029] =  Max([55549, 49345, -45706, 60161, 33029]) = 60161
[-81737, 52055, 76609, 13410, 963] =  Max([-81737, 52055, 76609, 13410, 963]) = 76609
[-77826, 79829, -37051, 39121, 89707] =  Max([-77826, 79829, -37051, 39121, 89707]) = 89707
[83964, 42616, 36291, -34229, -85998] =  Max([83964, 42616, 36291, -34229, -85998]) = 83964
[67802, 31496, 7441, -78647, 52965] =  Max([67802, 31496, 7441, -78647, 52965]) = 67802
[-3336, -85904, 65191, -38745, 34003] =  Max([-3336, -85904, 65191, -38745, 34003]) = 65191
[-76418, 92808, -74978, 24892, 44979] =  Max([-76418, 92808, -74978, 24892, 44979]) = 92808
[-83665, -62355, -88063, 46988, 66494] =  Max([-83665, -62355, -88063, 46988, 66494]) = 66494
[38506, -12793, 61706, 16769, 97113] =  Max([38506, -12793, 61706, 16769, 97113]) = 97113
[-89091, -43992, -85778, 11704, -29131] =  Max([-89091, -43992, -85778, 11704, -29131]) = -85778
[-43426, -48717, 34152, 76751, 38541] =  Max([-43426, -48717, 34152, 76751, 38541]) = 76751
[-76490, -76062, 81350, 9334, 61894] =  Max([-76490, -76062, 81350, 9334, 61894]) = 81350
[69446, -39106, -54146, 7086, -19762] =  Max([69446, -39106, -54146, 7086, -19762]) = 69446
[-59974, -18772, -41469, 93804, 23639] =  Max([-59974, -18772, -41469, 93804, 23639]) = 93804
[-41079, 83165, 7603, 617, -59251] =  Max([-41079, 83165, 7603, 617, -59251]) = 83165
[20766, -64169, 11539, -16961, -80541] =  Max([20766, -64169, 11539, -16961, -80541]) = 20766
[-62573, -50242, 611, -4944, 69963] =  Max([-62573, -50242, 611, -4944, 69963]) = 69963
[-99201, 69603, 24979, 2348, -88702] =  Max([-99201, 69603, 24979, 2348, -88702]) = 69603
[-90901, -45134, 40906, -16899, 13462] =  Max([-90901, -45134, 40906, -16899, 13462]) = 40906
[8557, -5992, 39085, 38119, -59759] =  Max([8557, -5992, 39085, 38119, -59759]) = 39085
[-56841, 90017, 17536, 44922, 64248] =  Max([-56841, 90017, 17536, 44922, 64248]) = 64248
[-2506, 29939, -29402, -95311, 17197] =  Max([-2506, 29939, -29402, -95311, 17197]) = 29939
[-22149, -16143, -48049, -93206, 85267] =  Max([-22149, -16143, -48049, -93206]) = -48049
[81675, 6368, -77846, 6286, 86765] =  Max([81675, 6368, -77846, 6286, 86765]) = 86765
[-15176, -54627, 58237, -49840, 16199] =  Max([-15176, -54627, 58237, -49840, 16199]) = 58237
[26934, 91120, -89881, -82616, 1219] =  Max([26934, 91120, -89881, -82616, 1219]) = 91120
[68197, -35386, -81631, 79381, 91845] =  Max([68197, -35386, -81631, 79381, 91845]) = 91845
[-80962, -15431, -37054, -14943, 13928] =  Max([-80962, -15431, -37054, -14943, 13928]) = -37054
[-68569, 26433, 46913, 92200, -53707] =  Max([-68569, 26433, 46913, 92200, -53707]) = 92200
[-27222, -90204, -63001, 43332, 30737] =  Max([-27222, -90204, -63001, 43332, 30737]) = 43332
[-75255, 87690, 64763, 19548, -11807] =  Max([-75255, 87690, 64763, 19548, -11807]) = 87690
[-33540, -84454, 30298, 59867, 38800] =  Max([-33540, -84454, 30298, 59867, 38800]) = 59867
[-5170, -38085, 47214, -88705, -40987] =  Max([-5170, -38085, 47214, -88705, -40987]) = 47214
[-6014, 1267, -18139, -86947, 84829] =  Max([-6014, 1267, -18139, -86947, 84829]) = 84829
