

[1, 0, 4] = 
        Min([1, 0, 4]) = 0 
[6, 0, 0] =  Min([6, 0, 0]) = 0 
[3, 8, 6] =  Min([3, 8, 6]) = 3 
[5, 4, 2] =  Min([5, 4, 2]) = 2 
[5, 9, 4] = 
        Min([5, 9, 4]) = 4 
[4, 9, 5] =  Min([4, 9, 5]) = 4 
[3, 1, 6] = 
        Min([3, 1, 6]) = 1 
[4, 1, 9] =  Min([4, 1, 9]) = 1 
[8, 3, 5] = 
        Min([8, 3, 5]) = 3 
[3, 9, 5] = 
        Min([3, 9, 5]) = 3 
[3, 8, 8] =  Min([3, 8, 8]) = 3 
[2, 8, 7] =  Min([2, 8, 7]) = 2 
[1, 6, 6] =  Min([1, 6, 6]) = 1 
[8, 4, 5] =  Min([8, 4, 5]) = 4 
[8, 2, 8] =  Min([8, 2, 8]) = 2 
[2, 8, 8] =  Min([2, 8, 8]) = 2 
[4, 3, 0] = 
        Min([4, 3, 0]) = 0 
[2, 2, 7] =  Min([2, 2, 7]) = 2 
[8, 3, 4] = 
        Min([8, 3, 4]) = 3 
[3, 1, 5] = 
        Min([3, 1, 5]) = 1 
[1, 0, 3] = 
        Min([1, 0, 3]) = 0 
[7, 3, 8] =  Min([7, 3, 8]) = 3 
[3, 1, 1] = 
        Min([3, 1, 1]) = 1 
[0, 6, 5] =  Min([0, 6, 5]) = 0 
[6, 2, 4] = 
        Min([6, 2, 4]) = 2 
[8, 0, 1] = 
        Min([8, 0, 1]) = 0 
[0, 2, 6] =  Min([0, 2, 6]) = 0 
[7, 2, 3] = 
        Min([7, 2, 3]) = 2 
[0, 0, 9] =  Min([0, 0, 9]) = 0 
[2, 1, 9] = 
        Min([2, 1, 9]) = 1 
[9, 0, 9] =  Min([9, 0, 9]) = 0 
[3, 5, 3] = 
        Min([3, 5, 3]) = 3 
[0, 7, 9] =  Min([0, 7, 9]) = 0 
[2, 5, 1] = 
        Min([2, 5, 1]) = 1 
[9, 8, 0] =  Min([9, 8, 0]) = 0 
[8, 2, 4] = 
        Min([8, 2, 4]) = 2 
[7, 4, 0] =  Min([7, 4, 0]) = 0 
[4, 2, 7] = 
        Min([4, 2, 7]) = 2 
[8, 0, 5] =  Min([8, 0, 5]) = 0 
[5, 0, 5] =  Min([5, 0, 5]) = 0 
[2, 3, 2] = 
        Min([2, 3, 2]) = 2 
[4, 2, 1] =  Min([4, 2, 1]) = 1 
[4, 3, 3] = 
        Min([4, 3, 3]) = 3 
[5, 8, 6] =  Min([5, 8, 6]) = 5 
[4, 0, 1] = 
        Min([4, 0, 1]) = 0 
[1, 6, 9] =  Min([1, 6, 9]) = 1 
[3, 5, 6] =  Min([3, 5, 6]) = 3 
[4, 6, 5] =  Min([4, 6, 5]) = 4 
[2, 9, 9] = 
        Min([2, 9, 9]) = 2 
[6, 9, 9] = 
        Min([6, 9, 9]) = 6 
[2, 1, 4] = 
        Min([2, 1, 4]) = 1 
[3, 2, 0] =  Min([3, 2, 0]) = 0 
[9, 3, 6] =  Min([9, 3, 6]) = 3 
[3, 2, 8] = 
        Min([3, 2, 8]) = 2 
[7, 8, 8] =  Min([7, 8, 8]) = 7 
[7, 2, 7] =  Min([7, 2, 7]) = 2 
[4, 7, 1] =  Min([4, 7, 1]) = 1 
[2, 2, 3] =  Min([2, 2, 3]) = 2 
[8, 7, 6] =  Min([8, 7, 6]) = 6 
[6, 7, 0] =  Min([6, 7, 0]) = 0 
[3, 7, 3] = 
        Min([3, 7, 3]) = 3 
[2, 7, 2] = 
        Min([2, 7, 2]) = 2 
[1, 6, 2] =  Min([1, 6, 2]) = 1 
[7, 5, 5] =  Min([7, 5, 5]) = 5 
[8, 0, 5] =  Min([8, 0, 5]) = 0 
[9, 2, 3] = 
        Min([9, 2, 3]) = 2 
[5, 2, 9] = 
        Min([5, 2, 9]) = 2 
[4, 9, 6] =  Min([4, 9, 6]) = 4 
[9, 1, 9] = 
        Min([9, 1, 9]) = 1 
[5, 0, 6] =  Min([5, 0, 6]) = 0 
[2, 8, 4] =  Min([2, 8, 4]) = 2 
[5, 3, 1] = 
        Min([5, 3, 1]) = 1 
[5, 0, 7] =  Min([5, 0, 7]) = 0 
[4, 9, 4] = 
        Min([4, 9, 4]) = 4 
[7, 8, 3] =  Min([7, 8, 3]) = 3 
[6, 3, 4] = 
        Min([6, 3, 4]) = 3 
[8, 5, 5] =  Min([8, 5, 5]) = 5 
[5, 1, 8] =  Min([5, 1, 8]) = 1 
[9, 4, 1] =  Min([9, 4, 1]) = 1 
[8, 2, 4] = 
        Min([8, 2, 4]) = 2 
[0, 9, 4] =  Min([0, 9, 4]) = 0 
[7, 1, 1] =  Min([7, 1, 1]) = 1 
[9, 4, 1] =  Min([9, 4, 1]) = 1 
[3, 8, 6] =  Min([3, 8, 6]) = 3 
[9, 0, 9] =  Min([9, 0, 9]) = 0 
[2, 8, 1] =  Min([2, 8, 1]) = 1 
[0, 3, 4] = 
        Min([0, 3, 4]) = 0 
[6, 1, 8] = 
        Min([6, 1, 8]) = 1 
[4, 9, 9] = 
        Min([4, 9, 9]) = 4 
[8, 8, 7] =  Min([8, 8, 7]) = 7 
[4, 0, 1] = 
        Min([4, 0, 1]) = 0 
[2, 7, 8] =  Min([2, 7, 8]) = 2 
[7, 5, 6] =  Min([7, 5, 6]) = 5 
[4, 6, 8] =  Min([4, 6, 8]) = 4 
[6, 8, 0] = 
        Min([6, 8, 0]) = 0 
[9, 7, 7] = 
        Min([9, 7, 7]) = 7 
[7, 1, 0] =  Min([7, 1, 0]) = 1 
[6, 1, 3] = 
        Min([6, 1, 3]) = 1 
[4, 6, 7] =  Min([4, 6, 7]) = 4 
[9, 8, 2] = 
        Min([9, 8, 2]) = 2 
[36, 92, 38] =  Min([36, 92, 38]) = 36 
[61, 44, 42] =  Min([61, 44, 42]) = 42 
[89, 30, 73] =  Min([89, 30, 73]) = 30 
[60, 90, 48] =  Min([60, 90, 48]) = 48 
[64, 75, 42] =  Min([64, 75, 42]) = 42 
[18, 52, 83] =  Min([18, 52, 83]) = 5 
[50, 83, 10] =  Min([50, 83, 10]) = 10 
[97, 62, 69] =  Min([97, 62, 69]) = 62 
[29, 95, 11] =  Min([29, 95, 11]) = 11 
[21, 88, 38] = 
        Min([21, 88, 38]) = 3 
[55, 18, 31] =  Min([55, 18, 31]) = 18 
[10, 78, 48] =  Min([10, 78, 48]) = 4 
[59, 81, 32] =  Min([59, 81, 32]) = 32 
[69, 20, 9] =  Min([69, 20, 9]) = 9 
[32, 58, 38] =  Min([32, 58, 38]) = 32 
[45, 73, 37] =  Min([45, 73, 37]) = 37 
[72, 87, 99] =  Min([72, 87, 99]) = 72 
[29, 77, 45] =  Min([29, 77, 45]) = 45 
[92, 98, 84] =  Min([92, 98, 84]) = 84 
[39, 56, 4] =  Min([39, 56, 4]) = 4 
[95, 53, 22] =  Min([95, 53, 22]) = 22 
[21, 32, 61] =  Min([21, 32, 61]) = 21 
[96, 28, 86] =  Min([96, 28, 86]) = 28 
[1, 33, 68] =  Min([1, 33, 68]) = 1 
[74, 48, 81] =  Min([74, 48, 81]) = 48 
[71, 41, 78] =  Min([71, 41, 78]) = 41 
[83, 52, 14] =  Min([83, 52, 14]) = 14 
[30, 68, 17] =  Min([30, 68, 17]) = 17 
[53, 75, 95] =  Min([53, 75, 95]) = 53 
[52, 35, 4] =  Min([52, 35, 4]) = 4 
[12, 87, 47] =  Min([12, 87, 47]) = 12 
[15, 58, 11] =  Min([15, 58, 11]) = 11 
[42, 31, 16] =  Min([42, 31, 16]) = 16 
[27, 29, 42] =  Min([27, 29, 42]) = 27 
[69, 32, 22] =  Min([69, 32, 22]) = 22 
[75, 41, 2] =  Min([75, 41, 2]) = 2 
[14, 95, 8] =  Min([14, 95, 8]) = 8 
[57, 64, 28] =  Min([57, 64, 28]) = 28 
[82, 3, 7] =  Min([82, 3, 7]) = 3 
[56, 9, 10] =  Min([56, 9, 10]) = 9 
[81, 74, 70] =  Min([81, 74, 70]) = 70 
[64, 77, 55] =  Min([64, 77, 55]) = 55 
[92, 27, 55] =  Min([92, 27, 55]) = 27 
[93, 12, 40] =  Min([93, 12, 40]) = 12 
[60, 8, 11] =  Min([60, 8, 11]) = 8 
[16, 71, 7] =  Min([16, 71, 7]) = 7 
[45, 85, 96] =  Min([45, 85, 96]) = 45 
[13, 73, 64] =  Min([13, 73, 64]) = 13 
[71, 47, 14] =  Min([71, 47, 14]) = 14 
[79, 78, 86] =  Min([79, 78, 86]) = 78 
[3, 23, 34] =  Min([3, 23, 34]) = 3 
[18, 72, 84] =  Min([18, 72, 84]) = 7 
[95, 67, 27] =  Min([95, 67, 27]) = 27 
[92, 41, 99] =  Min([92, 41, 99]) = 41 
[79, 6, 86] =  Min([79, 6, 86]) = 6 
[56, 53, 34] =  Min([56, 53, 34]) = 34 
[36, 86, 86] =  Min([36, 86, 86]) = 36 
[50, 76, 7] =  Min([50, 76, 7]) = 7 
[32, 37, 41] =  Min([32, 37, 41]) = 32 
[48, 68, 90] =  Min([48, 68, 90]) = 48 
[94, 5, 55] =  Min([94, 5, 55]) = 5 
[51, 90, 81] =  Min([51, 90, 81]) = 51 
[79, 58, 88] =  Min([79, 58, 88]) = 58 
[51, 67, 10] =  Min([51, 67, 10]) = 10 
[21, 9, 65] =  Min([21, 9, 65]) = 9 
[44, 93, 82] =  Min([44, 93, 82]) = 44 
[77, 19, 97] =  Min([77, 19, 97]) = 19 
[59, 96, 72] =  Min([59, 96, 72]) = 59 
[79, 41, 80] =  Min([79, 41, 80]) = 41 
[38, 35, 75] =  Min([38, 35, 75]) = 35 
[4, 7, 47] =  Min([4, 7, 47]) = 4 
[49, 59, 74] =  Min([49, 59, 74]) = 49 
[41, 77, 60] =  Min([41, 77, 60]) = 41 
[10, 64, 82] =  Min([10, 64, 82]) = 6 
[66, 78, 20] =  Min([66, 78, 20]) = 20 
[86, 76, 6] =  Min([86, 76, 6]) = 6 
[86, 49, 36] =  Min([86, 49, 36]) = 36 
[74, 84, 18] =  Min([74, 84, 18]) = 18 
[76, 90, 10] =  Min([76, 90, 10]) = 10 
[89, 94, 87] =  Min([89, 94, 87]) = 87 
[2, 46, 39] =  Min([2, 46, 39]) = 2 
[17, 19, 9] =  Min([17, 19, 9]) = 9 
[4, 84, 43] =  Min([4, 84, 43]) = 4 
[23, 88, 98] =  Min([23, 88, 98]) = 23 
[86, 92, 30] =  Min([86, 92, 30]) = 30 
[68, 30, 39] =  Min([68, 30, 39]) = 30 
[98, 36, 99] =  Min([98, 36, 99]) = 36 
[17, 32, 6] =  Min([17, 32, 6]) = 6 
[15, 36, 10] =  Min([15, 36, 10]) = 10 
[11, 28, 57] =  Min([11, 28, 57]) = 11 
[30, 49, 10] =  Min([30, 49, 10]) = 10 
[42, 18, 17] =  Min([42, 18, 17]) = 17 
[60, 57, 78] =  Min([60, 57, 78]) = 57 
[93, 77, 67] =  Min([93, 77, 67]) = 67 
[6, 30, 53] =  Min([6, 30, 53]) = 3 
[68, 2, 80] =  Min([68, 2, 80]) = 2 
[0, 78, 45] =  Min([0, 78, 45]) = 0 
[67, 46, 8] =  Min([67, 46, 8]) = 46 
[60, 5, 81] =  Min([60, 5, 81]) = 5 
[44, 30, 93] =  Min([44, 30, 93]) = 9 
[340, 136, 45] =  Min([340, 136, 45]) = 45 
[797, 701, 475] =  Min([797, 701, 475]) = 475 
[733, 794, 966] =  Min([733, 794, 966]) = 733 
[907, 42, 323] =  Min([907, 42, 323]) = 42 
[259, 37, 771] =  Min([259, 37, 771]) = 37 
[886, 671, 339] =  Min([886, 671, 339]) = 339 
[761, 450, 916] =  Min([761, 450, 916]) = 450 
[509, 376, 946] =  Min([509, 376, 946]) = 376 
[80, 440, 616] =  Min([80, 440, 616]) = 44 
[335, 676, 302] =  Min([335, 676, 302]) = 302 
[454, 359, 457] =  Min([454, 359, 457]) = 359 
[281, 654, 810] =  Min([281, 654, 810]) = 281 
[525, 820, 767] =  Min([525, 820, 767]) = 525 
[694, 800, 448] =  Min([694, 800, 448]) = 448 
[370, 392, 972] =  Min([370, 392, 972]) = 370 
[379, 380, 454] =  Min([379, 380, 454]) = 379 
[321, 665, 285] =  Min([321, 665, 285]) = 285 
[530, 396, 935] =  Min([530, 396, 935]) = 396 
[219, 626, 292] =  Min([219, 626, 292]) = 219 
[75, 462, 176] =  Min([75, 462, 176]) = 75 
[865, 327, 683] =  Min([865, 327, 683]) = 327 
[307, 871, 161] =  Min([307, 871, 161]) = 161 
[370, 520, 229] =  Min([370, 520, 229]) = 229 
[26, 369, 567] =  Min([26, 369, 567]) = 26 
[905, 88, 67] =  Min([905, 88, 67]) = 67 
[787, 419, 843] =  Min([787, 419, 843]) = 419 
[460, 477, 696] =  Min([460, 477, 696]) = 460 
[655, 601, 186] =  Min([655, 601, 186]) = 186 
[56, 851, 127] =  Min([56, 851, 127]) = 56 
[726, 230, 354] =  Min([726, 230, 354]) = 230 
[256, 201, 650] =  Min([256, 201, 650]) = 201 
[546, 95, 514] =  Min([546, 95, 514]) = 95 
[674, 639, 737] =  Min([674, 639, 737]) = 639 
[845, 884, 29] =  Min([845, 884, 29]) = 29 
[666, 215, 785] =  Min([666, 215, 785]) = 215 
[642, 558, 296] =  Min([642, 558, 296]) = 296 
[701, 415, 304] =  Min([701, 415, 304]) = 304 
[495, 475, 208] =  Min([495, 475, 208]) = 208 
[751, 881, 353] =  Min([751, 881, 353]) = 353 
[108, 326, 247] =  Min([108, 326, 247]) = 108 
[51, 297, 968] =  Min([51, 297, 968]) = 51 
[923, 163, 833] =  Min([923, 163, 833]) = 163 
[163, 510, 527] =  Min([163, 510, 527]) = 163 
[967, 402, 517] =  Min([967, 402, 517]) = 402 
[51, 288, 506] =  Min([51, 288, 506]) = 51 
[549, 8, 867] =  Min([549, 8, 867]) = 8 
[782, 412, 374] =  Min([782, 412, 374]) = 374 
[566, 295, 75] =  Min([566, 295, 75]) = 75 
[638, 696, 625] =  Min([638, 696, 625]) = 625 
[347, 571, 961] =  Min([347, 571, 961]) = 347 
[512, 41, 46] =  Min([512, 41, 46]) = 41 
[467, 152, 620] =  Min([467, 152, 620]) = 152 
[166, 402, 631] =  Min([166, 402, 631]) = 166 
[521, 545, 501] =  Min([521, 545, 501]) = 501 
[339, 689, 112] =  Min([339, 689, 112]) = 112 
[704, 644, 27] =  Min([704, 644, 27]) = 27 
[794, 592, 591] =  Min([794, 592, 591]) = 591 
[644, 738, 634] =  Min([644, 738, 634]) = 634 
[32, 586, 970] =  Min([32, 586, 970]) = 32 
[155, 422, 707] =  Min([155, 422, 707]) = 155 
[893, 868, 753] =  Min([893, 868, 753]) = 753 
[332, 678, 489] =  Min([332, 678, 489]) = 332 
[545, 350, 559] =  Min([545, 350, 559]) = 350 
[822, 709, 270] =  Min([822, 709, 270]) = 270 
[305, 230, 964] =  Min([305, 230, 964]) = 230 
[721, 500, 324] =  Min([721, 500, 324]) = 324 
[280, 294, 124] =  Min([280, 294, 124]) = 124 
[353, 977, 791] =  Min([353, 977, 791]) = 353 
[80, 354, 946] =  Min([80, 354, 946]) = 80 
[847, 551, 277] =  Min([847, 551, 277]) = 277 
[758, 600, 245] =  Min([758, 600, 245]) = 245 
[238, 53, 102] =  Min([238, 53, 102]) = 53 
[140, 5, 987] =  Min([140, 5, 987]) = 5 
[899, 487, 488] =  Min([899, 487, 488]) = 487 
[661, 60, 929] =  Min([661, 60, 929]) = 60 
[740, 870, 959] =  Min([740, 870, 959]) = 740 
[180, 956, 941] =  Min([180, 956, 941]) = 180 
[766, 985, 893] =  Min([766, 985, 893]) = 766 
[617, 109, 950] =  Min([617, 109, 950]) = 109 
[910, 961, 137] =  Min([910, 961, 137]) = 910 
[338, 166, 748] =  Min([338, 166, 748]) = 166 
[345, 809, 302] =  Min([345, 809, 302]) = 302 
[654, 918, 415] =  Min([654, 918, 415]) = 415 
[97, 189, 143] =  Min([97, 189, 143]) = 97 
[241, 457, 771] =  Min([241, 457, 771]) = 241 
[11, 267, 669] =  Min([11, 267, 669]) = 11 
[314, 163, 415] =  Min([314, 163, 415]) = 163 
[318, 706, 120] =  Min([318, 706, 120]) = 120 
[224, 980, 136] =  Min([224, 980, 136]) = 136 
[718, 562, 934] =  Min([718, 562, 934]) = 562 
[780, 253, 696] =  Min([780, 253, 696]) = 253 
[540, 720, 370] =  Min([540, 720, 370]) = 370 
[924, 517, 207] =  Min([924, 517, 207]) = 207 
[452, 119, 696] =  Min([452, 119, 696]) = 119 
[456, 828, 56] =  Min([456, 828, 56]) = 56 
[572, 473, 688] =  Min([572, 473, 688]) = 473 
[3, 763, 223] =  Min([3, 763, 223]) = 3 
[554, 61, 957] =  Min([554, 61, 957]) = 61 
[184, 787, 138] =  Min([184, 787, 138]) = 138 
[912, 391, 459] =  Min([912, 391, 459]) = 391 
[8835, 2178, 5697] =  Min([8835, 2178, 5697]) = 2178 
[56, 372, 4888] =  Min([56, 372, 4888]) = 56 
[7546, 5671, 2541] =  Min([7546, 5671, 2541]) = 2541 
[3376, 1102, 1653] =  Min([3376, 1102, 1653]) = 1102 
[6590, 7191, 3839] =  Min([6590, 7191, 3839]) = 3839 
[9438, 5224, 9461] =  Min([9438, 5224, 9461]) = 5224 
[6775, 4923, 4508] =  Min([6775, 4923, 4508]) = 4508 
[768, 5642, 6244] =  Min([768, 5642, 6244]) = 768 
[3012, 8813, 7758] =  Min([3012, 8813, 7758]) = 3012 
[6761, 6824, 9130] =  Min([6761, 6824, 9130]) = 6761 
[1295, 7369, 6079] =  Min([1295, 7369, 6079]) = 1295 
[9878, 647, 1192] =  Min([9878, 647, 1192]) = 647 
[4967, 251, 3470] =  Min([4967, 251, 3470]) = 251 
[3921, 9045, 5269] =  Min([3921, 9045, 5269]) = 3921 
[5892, 8401, 8147] =  Min([5892, 8401, 8147]) = 5892 
[6781, 749, 9216] =  Min([6781, 749, 9216]) = 749 
[6841, 4836, 2497] =  Min([6841, 4836, 2497]) = 2497 
[9021, 5530, 4216] =  Min([9021, 5530, 4216]) = 4216 
[8954, 8000, 3015] =  Min([8954, 8000, 3015]) = 3015 
[6756, 2252, 3791] =  Min([6756, 2252, 3791]) = 2252 
[990, 7916, 7993] =  Min([990, 7916, 7993]) = 990 
[8673, 4501, 8777] =  Min([8673, 4501, 8777]) = 4501 
[8591, 2439, 3948] =  Min([8591, 2439, 3948]) = 2439 
[6112, 6652, 7520] =  Min([6112, 6652, 7520]) = 6112 
[6640, 6213, 6179] =  Min([6640, 6213, 6179]) = 6179 
[7109, 5427, 9270] =  Min([7109, 5427, 9270]) = 5427 
[4441, 762, 1218] =  Min([4441, 762, 1218]) = 1218 
[3394, 9617, 2362] =  Min([3394, 9617, 2362]) = 2362 
[6375, 8856, 5435] =  Min([6375, 8856, 5435]) = 5435 
[7161, 3803, 1245] =  Min([7161, 3803, 1245]) = 1245 
[7381, 8038, 3737] =  Min([7381, 8038, 3737]) = 3737 
[1404, 4839, 4037] =  Min([1404, 4839, 4037]) = 1404 
[5188, 5909, 1745] =  Min([5188, 5909, 1745]) = 1745 
[2170, 1430, 3070] =  Min([2170, 1430, 3070]) = 1430 
[430, 1468, 5798] =  Min([430, 1468, 5798]) = 430 
[4781, 6779, 6353] =  Min([4781, 6779, 6353]) = 4781 
[2777, 2274, 4405] =  Min([2777, 2274, 4405]) = 2274 
[4521, 6899, 4911] =  Min([4521, 6899, 4911]) = 4521 
[3203, 7501, 1752] =  Min([3203, 7501, 1752]) = 3203 
[7212, 5484, 7055] =  Min([7212, 5484, 7055]) = 5484 
[5147, 2910, 6524] =  Min([5147, 2910, 6524]) = 2910 
[4592, 6437, 5980] =  Min([4592, 6437, 5980]) = 4592 
[440, 7563, 3434] =  Min([440, 7563, 3434]) = 440 
[3965, 4139, 2525] =  Min([3965, 4139, 2525]) = 2525 
[6566, 8755, 8300] =  Min([6566, 8755, 8300]) = 6566 
[1791, 4067, 5816] =  Min([1791, 4067, 5816]) = 1791 
[172, 1615, 4239] =  Min([172, 1615, 4239]) = 172 
[7303, 6129, 6408] =  Min([7303, 6129, 6408]) = 6129 
[1712, 4840, 6815] =  Min([1712, 4840, 6815]) = 1712 
[3389, 8537, 7912] =  Min([3389, 8537, 7912]) = 3389 
[4919, 732, 1885] =  Min([4919, 732, 1885]) = 732 
[9042, 2623, 5422] =  Min([9042, 2623, 5422]) = 2623 
[7080, 6481, 478] =  Min([7080, 6481, 478]) = 478 
[3371, 4560, 1025] =  Min([3371, 4560, 1025]) = 1025 
[7496, 1867, 4298] =  Min([7496, 1867, 4298]) = 1867 
[1871, 5700, 5766] =  Min([1871, 5700, 5766]) = 1871 
[1931, 3908, 5003] =  Min([1931, 3908, 5003]) = 1931 
[9771, 2258, 9417] =  Min([9771, 2258, 9417]) = 2258 
[2733, 8022, 4732] =  Min([2733, 8022, 4732]) = 2733 
[7939, 2236, 3196] =  Min([7939, 2236, 3196]) = 2236 
[7272, 8006, 2740] =  Min([7272, 8006, 2740]) = 2740 
[3683, 8808, 4729] =  Min([3683, 8808, 4729]) = 3683 
[9383, 1871, 4389] =  Min([9383, 1871, 4389]) = 1871 
[6965, 1677, 4055] =  Min([6965, 1677, 4055]) = 1677 
[1923, 3882, 3438] =  Min([1923, 3882, 3438]) = 1923 
[3390, 972, 9340] =  Min([3390, 972, 9340]) = 972 
[4794, 4740, 9383] =  Min([4794, 4740, 9383]) = 4740 
[2078, 2174, 4090] =  Min([2078, 2174, 4090]) = 2078 
[4402, 6786, 6146] =  Min([4402, 6786, 6146]) = 4402 
[7449, 7996, 5362] =  Min([7449, 7996, 5362]) = 5362 
[6516, 3568, 7039] =  Min([6516, 3568, 7039]) = 3568 
[9468, 2139, 9275] =  Min([9468, 2139, 9275]) = 2139 
[2035, 2588, 7230] =  Min([2035, 2588, 7230]) = 2035 
[4489, 1529, 5905] =  Min([4489, 1529, 5905]) = 1529 
[3836, 7032, 1494] =  Min([3836, 7032, 1494]) = 1494 
[3705, 8510, 7291] =  Min([3705, 8510, 7291]) = 3705 
[1160, 3751, 6276] =  Min([1160, 3751, 6276]) = 1160 
[6270, 2181, 2340] =  Min([6270, 2181, 2340]) = 2181 
[5753, 3490, 2480] =  Min([5753, 3490, 2480]) = 2480 
[9659, 6291, 5759] =  Min([9659, 6291, 5759]) = 5759 
[9066, 9846, 9830] =  Min([9066, 9846, 9830]) = 9066 
[8348, 3090, 6418] =  Min([8348, 3090, 6418]) = 3090 
[8185, 9730, 1163] =  Min([8185, 9730, 1163]) = 8185 
[6895, 5986, 8951] =  Min([6895, 5986, 8951]) = 5986 
[4295, 3534, 652] =  Min([4295, 3534, 652]) = 3534 
[6590, 1350, 8791] =  Min([6590, 1350, 8791]) = 1350 
[3329, 2545, 8788] =  Min([3329, 2545, 8788]) = 2545 
[948, 4005, 1412] =  Min([948, 4005, 1412]) = 948 
[1956, 207, 2248] =  Min([1956, 207, 2248]) = 207 
[2735, 6092, 2079] =  Min([2735, 6092, 2079]) = 2079 
[1046, 4308, 9447] =  Min([1046, 4308, 9447]) = 1046 
[9287, 2734, 6024] =  Min([9287, 2734, 6024]) = 2734 
[42, 721, 201] =  Min([42, 721, 201]) = 42 
[579, 9058, 6870] =  Min([579, 9058, 6870]) = 579 
[9364, 6108, 1956] =  Min([9364, 6108, 1956]) = 1956 
[1129, 7620, 4625] =  Min([1129, 7620, 4625]) = 1129 
[3287, 4777, 9237] =  Min([3287, 4777, 9237]) = 3287 
[8954, 4016, 2466] =  Min([8954, 4016, 2466]) = 2466 
[5488, 23, 6164] =  Min([5488, 23, 6164]) = 23 
[981, 2332, 4584] =  Min([981, 2332, 4584]) = 981 
[98028, 11128, 76122] =  Min([98028, 11128, 76122]) = 76122 
[74425, 8163, 57014] =  Min([74425, 8163, 57014]) = 57014 
[91845, 96384, 42762] =  Min([91845, 96384, 42762]) = 42762 
[76638, 14283, 20369] =  Min([76638, 14283, 20369]) = 76638 
[70244, 46961, 27215] =  Min([70244, 46961, 27215]) = 27215 
[89922, 39874, 92367] =  Min([89922, 39874, 92367]) = 39874 
[93212, 32534, 46627] =  Min([93212, 32534, 46627]) = 32534 
[4073, 53004, 59270] =  Min([4073, 53004, 59270]) = 4073 
[18322, 15919, 1567] =  Min([18322, 15919, 1567]) = 1567 
[82614, 84500, 11015] =  Min([82614, 84500, 11015]) = 82614 
[84670, 58121, 16880] =  Min([84670, 58121, 16880]) = 16880 
[75220, 56774, 94952] =  Min([75220, 56774, 94952]) = 56774 
[46392, 28143, 24530] =  Min([46392, 28143, 24530]) = 24530 
[80868, 32215, 84840] =  Min([80868, 32215, 84840]) = 32215 
[36670, 50202, 17987] =  Min([36670, 50202, 17987]) = 17987 
[2559, 50134, 93502] =  Min([2559, 50134, 93502]) = 2559 
[42153, 50905, 35446] =  Min([42153, 50905, 35446]) = 35446 
[7679, 61824, 69393] =  Min([7679, 61824, 69393]) = 7679 
[31608, 34934, 69951] =  Min([31608, 34934, 69951]) = 31608 
[23081, 31005, 77662] =  Min([23081, 31005, 77662]) = 23081 
[91823, 46095, 74403] =  Min([91823, 46095, 74403]) = 46095 
[23010, 64282, 4975] =  Min([23010, 64282, 4975]) = 4975 
[62650, 89, 43481] =  Min([62650, 89, 43481]) = 89 
[7806, 2872, 19360] =  Min([7806, 2872, 19360]) = 2872 
[48967, 92345, 86787] =  Min([48967, 92345, 86787]) = 48967 
[20644, 95990, 57261] =  Min([20644, 95990, 57261]) = 20644 
[90906, 80440, 46769] =  Min([90906, 80440, 46769]) = 46769 
[90242, 38602, 16691] =  Min([90242, 38602, 16691]) = 16691 
[4244, 23865, 78956] =  Min([4244, 23865, 78956]) = 4244 
[18434, 43406, 97693] =  Min([18434, 43406, 97693]) = 18434 
[92925, 87821, 83768] =  Min([92925, 87821, 83768]) = 83768 
[90855, 8885, 45938] =  Min([90855, 8885, 45938]) = 45938 
[96021, 55004, 21802] =  Min([96021, 55004, 21802]) = 21802 
[62847, 75766, 85323] =  Min([62847, 75766, 85323]) = 62847 
[38654, 2631, 41774] =  Min([38654, 2631, 41774]) = 2631 
[95942, 9830, 71702] =  Min([95942, 9830, 71702]) = 71702 
[56534, 85673, 21626] =  Min([56534, 85673, 21626]) = 21626 
[24901, 53645, 91382] =  Min([24901, 53645, 91382]) = 24901 
[38980, 31135, 12571] =  Min([38980, 31135, 12571]) = 12571 
[47294, 500, 56047] =  Min([47294, 500, 56047]) = 500 
[12712, 3373, 27125] =  Min([12712, 3373, 27125]) = 12712 
[52096, 61727, 64106] =  Min([52096, 61727, 64106]) = 52096 
[48630, 49996, 48418] =  Min([48630, 49996, 48418]) = 48418 
[29654, 35200, 73956] =  Min([29654, 35200, 73956]) = 29654 
[87574, 45061, 70968] =  Min([87574, 45061, 70968]) = 45061 
[68495, 54870, 70190] =  Min([68495, 54870, 70190]) = 54870 
[51747, 93625, 4551] =  Min([51747, 93625, 4551]) = 4551 
[15765, 99246, 58856] =  Min([15765, 99246, 58856]) = 58856 
[10271, 89538, 57067] =  Min([10271, 89538, 57067]) = 10271 
[8783, 11406, 50868] =  Min([8783, 11406, 50868]) = 8783 
[1620, 91804, 81665] =  Min([1620, 91804, 81665]) = 1620 
[74264, 77061, 76372] =  Min([74264, 77061, 76372]) = 74264 
[45071, 53856, 34620] =  Min([45071, 53856, 34620]) = 34620 
[22570, 36099, 52818] =  Min([22570, 36099, 52818]) = 22570 
[51877, 43449, 90507] =  Min([51877, 43449, 90507]) = 43449 
[44284, 39722, 40756] =  Min([44284, 39722, 40756]) = 39722 
[39384, 97481, 58079] =  Min([39384, 97481, 58079]) = 39384 
[24633, 57896, 27707] =  Min([24633, 57896, 27707]) = 24633 
[67537, 20836, 8600] =  Min([67537, 20836, 8600]) = 8600 
[3794, 22772, 25265] =  Min([3794, 22772, 25265]) = 3794 
[92357, 26097, 35910] =  Min([92357, 26097, 35910]) = 26097 
[4005, 31711, 48819] =  Min([4005, 31711, 48819]) = 4005 
[45843, 45121, 21432] =  Min([45843, 45121, 21432]) = 21432 
[6507, 21352, 75007] =  Min([6507, 21352, 75007]) = 6507 
[85404, 53674, 67276] =  Min([85404, 53674, 67276]) = 53674 
[78792, 1109, 29329] =  Min([78792, 1109, 29329]) = 1109 
[55549, 49345, 45706] =  Min([55549, 49345, 45706]) = 45706 
[81737, 52055, 76609] =  Min([81737, 52055, 76609]) = 52055 
[77826, 79829, 37051] =  Min([77826, 79829, 37051]) = 37051 
[83964, 42616, 36291] =  Min([83964, 42616, 36291]) = 36291 
[67802, 31496, 7441] =  Min([67802, 31496, 7441]) = 31496 
[3336, 85904, 65191] =  Min([3336, 85904, 65191]) = 3336 
[76418, 92808, 74978] =  Min([76418, 92808, 74978]) = 74978 
[83665, 62355, 88063] =  Min([83665, 62355, 88063]) = 62355 
[38506, 12793, 61706] =  Min([38506, 12793, 61706]) = 12793 
[89091, 43992, 85778] =  Min([89091, 43992, 85778]) = 43992 
[43426, 48717, 34152] =  Min([43426, 48717, 34152]) = 34152 
[76490, 76062, 81350] =  Min([76490, 76062, 81350]) = 76062 
[69446, 39106, 54146] =  Min([69446, 39106, 54146]) = 39106 
[59974, 18772, 41469] =  Min([59974, 18772, 41469]) = 18772 
[41079, 83165, 7603] =  Min([41079, 83165, 7603]) = 7603 
[20766, 64169, 11539] =  Min([20766, 64169, 11539]) = 11539 
[62573, 50242, 611] =  Min([62573, 50242, 611]) = 50242 
[99201, 69603, 24979] =  Min([99201, 69603, 24979]) = 24979 
[90901, 45134, 40906] =  Min([90901, 45134, 40906]) = 40906 
[8557, 5992, 39085] =  Min([8557, 5992, 39085]) = 39085 
[56841, 90017, 17536] =  Min([56841, 90017, 17536]) = 17536 
[2506, 29939, 29402] =  Min([2506, 29939, 29402]) = 2506 
[22149, 16143, 48049] =  Min([22149, 16143, 48049]) = 16143 
[81675, 6368, 77846] =  Min([81675, 6368, 77846]) = 6368 
[15176, 54627, 58237] =  Min([15176, 54627, 58237]) = 15176 
[26934, 91120, 89881] =  Min([26934, 91120, 89881]) = 26934 
[68197, 35386, 81631] =  Min([68197, 35386, 81631]) = 35386 
[80962, 15431, 37054] =  Min([80962, 15431, 37054]) = 15431 
[68569, 26433, 46913] =  Min([68569, 26433, 46913]) = 26433 
[27222, 90204, 63001] =  Min([27222, 90204, 63001]) = 27222 
[75255, 87690, 64763] =  Min([75255, 87690, 64763]) = 64763 
[33540, 84454, 30298] =  Min([33540, 84454, 30298]) = 30298 
[5170, 38085, 47214] =  Min([5170, 38085, 47214]) = 5170 
[6014, 1267, 18139] =  Min([6014, 1267, 18139]) = 1267 
