[1, 0, 4, 3, 3] =  Min([1, 0, 4, 3, 3]) = 0 
[6, 0, 0, 1, 3] =  Min([6, 0, 0, 1, 3]) = 1 
[3, 8, 6, 3, 7] =  Min([3, 8, 6, 3, 7]) = 3 
[5, 4, 2, 3, 5] =  Min([5, 4, 2, 3, 5]) = 2 
[5, 9, 4, 0, 7] =  Min([5, 9, 4, 0, 7]) = 0 
[4, 9, 5, 9, 3] =  Min([4, 9, 5, 9, 3]) = 3 
[3, 1, 6, 4, 7] =  Min([3, 1, 6, 4, 7]) = 1 
[4, 1, 9, 2, 8] =  Min([4, 1, 9, 2, 8]) = 1 
[8, 3, 5, 0, 3] =  Min([8, 3, 5, 0, 3]) = 0 
[3, 9, 5, 3, 7] =  Min([3, 9, 5, 3, 7]) = 3 
[3, 8, 8, 4, 9] =  Min([3, 8, 8, 4, 9]) = 3 
[2, 8, 7, 1, 0] =  Min([2, 8, 7, 1, 0]) = 1 
[1, 6, 6, 9, 7] =  Min([1, 6, 6, 9, 7]) = 1 
[8, 4, 5, 1, 4] =  Min([8, 4, 5, 1, 4]) = 1 
[8, 2, 8, 1, 4] =  Min([8, 2, 8, 1, 4]) = 1 
[2, 8, 8, 0, 9] =  Min([2, 8, 8, 0, 9]) = 2 
[4, 3, 0, 3, 9] =  Min([4, 3, 0, 3, 9]) = 0 
[2, 2, 7, 8, 2] =  Min([2, 2, 7, 8, 2]) = 2 
[8, 3, 4, 6, 5] =  Min([8, 3, 4, 6, 5]) = 3 
[3, 1, 5, 0, 9] =  Min([3, 1, 5, 0, 9]) = 1 
[1, 0, 3, 1, 0] =  Min([1, 0, 3, 1, 0]) = 1 
[7, 3, 8, 2, 9] =  Min([7, 3, 8, 2, 9]) = 2 
[3, 1, 1, 6, 5] =  Min([3, 1, 1, 6, 5]) = 1 
[0, 6, 5, 1, 3] =  Min([0, 6, 5, 1, 3]) = 1 
[6, 2, 4, 7, 3] =  Min([6, 2, 4, 7, 3]) = 2 
[8, 0, 1, 3, 2] =  Min([8, 0, 1, 3, 2]) = 0 
[0, 2, 6, 0, 6] =  Min([0, 2, 6, 0, 6]) = 0 
[7, 2, 3, 4, 3] =  Min([7, 2, 3, 4, 3]) = 2 
[0, 0, 9, 7, 8] =  Min([0, 0, 9, 7, 8]) = 0 
[2, 1, 9, 1, 3] =  Min([2, 1, 9, 1, 3]) = 1 
[9, 0, 9, 1, 6] =  Min([9, 0, 9, 1, 6]) = 0 
[3, 5, 3, 4, 6] =  Min([3, 5, 3, 4, 6]) = 3 
[0, 7, 9, 9, 1] =  Min([0, 7, 9, 9, 1]) = 0 
[2, 5, 1, 3, 5] =  Min([2, 5, 1, 3, 5]) = 1 
[9, 8, 0, 8, 4] =  Min([9, 8, 0, 8, 4]) = 0 
[8, 2, 4, 4, 9] =  Min([8, 2, 4, 4, 9]) = 2 
[7, 4, 0, 1, 6] =  Min([7, 4, 0, 1, 6]) = 1 
[4, 2, 7, 8, 6] =  Min([4, 2, 7, 8, 6]) = 2 
[8, 0, 5, 9, 8] =  Min([8, 0, 5, 9, 8]) = 0 
[5, 0, 5, 3, 3] =  Min([5, 0, 5, 3, 3]) = 0 
[2, 3, 2, 2, 6] =  Min([2, 3, 2, 2, 6]) = 2 
[4, 2, 1, 6, 0] =  Min([4, 2, 1, 6, 0]) = 1 
[4, 3, 3, 0, 3] =  Min([4, 3, 3, 0, 3]) = 3 
[5, 8, 6, 8, 5] =  Min([5, 8, 6, 8, 5]) = 5 
[4, 0, 1, 9, 6] =  Min([4, 0, 1, 9, 6]) = 1 
[1, 6, 9, 3, 4] =  Min([1, 6, 9, 3, 4]) = 1 
[3, 5, 6, 1, 5] =  Min([3, 5, 6, 1, 5]) = 1 
[4, 6, 5, 6, 4] =  Min([4, 6, 5, 6, 4]) = 4 
[2, 9, 9, 4, 6] =  Min([2, 9, 9, 4, 6]) = 2 
[6, 9, 9, 5, 7] =  Min([6, 9, 9, 5, 7]) = 5 
[2, 1, 4, 8, 9] =  Min([2, 1, 4, 8, 9]) = 1 
[3, 2, 0, 0, 3] =  Min([3, 2, 0, 0, 3]) = 0 
[9, 3, 6, 7, 6] =  Min([9, 3, 6, 7, 6]) = 3 
[3, 2, 8, 7, 0] =  Min([3, 2, 8, 7, 0]) = 0 
[7, 8, 8, 9, 5] =  Min([7, 8, 8, 9, 5]) = 5 
[7, 2, 7, 7, 4] =  Min([7, 2, 7, 7, 4]) = 2 
[4, 7, 1, 4, 3] =  Min([4, 7, 1, 4, 3]) = 1 
[2, 2, 3, 6, 2] =  Min([2, 2, 3, 6, 2]) = 2 
[8, 7, 6, 0, 3] =  Min([8, 7, 6, 0, 3]) = 0 
[6, 7, 0, 5, 4] =  Min([6, 7, 0, 5, 4]) = 0 
[3, 7, 3, 4, 6] =  Min([3, 7, 3, 4, 6]) = 3 
[2, 7, 2, 9, 8] =  Min([2, 7, 2, 9, 8]) = 2 
[1, 6, 2, 7, 2] =  Min([1, 6, 2, 7, 2]) = 1 
[7, 5, 5, 6, 4] =  Min([7, 5, 5, 6, 4]) = 4 
[8, 0, 5, 3, 1] =  Min([8, 0, 5, 3, 1]) = 1 
[9, 2, 3, 2, 7] = 
        Min([9, 2, 3, 2, 7]) = 2 
[5, 2, 9, 9, 1] =  Min([5, 2, 9, 9, 1]) = 1 
[4, 9, 6, 6, 3] =  Min([4, 9, 6, 6, 3]) = 3 
[9, 1, 9, 0, 5] =  Min([9, 1, 9, 0, 5]) = 0 
[5, 0, 6, 7, 1] =  Min([5, 0, 6, 7, 1]) = 1 
[2, 8, 4, 9, 8] =  Min([2, 8, 4, 9, 8]) = 2 
[5, 3, 1, 4, 7] =  Min([5, 3, 1, 4, 7]) = 1 
[5, 0, 7, 5, 2] =  Min([5, 0, 7, 5, 2]) = 0 
[4, 9, 4, 8, 0] =  Min([4, 9, 4, 8, 0]) = 0 
[7, 8, 3, 7, 7] =  Min([7, 8, 3, 7, 7]) = 3 
[6, 3, 4, 9, 5] =  Min([6, 3, 4, 9, 5]) = 3 
[8, 5, 5, 7, 4] =  Min([8, 5, 5, 7, 4]) = 4 
[5, 1, 8, 2, 3] =  Min([5, 1, 8, 2, 3]) = 1 
[9, 4, 1, 3, 4] =  Min([9, 4, 1, 3, 4]) = 1 
[8, 2, 4, 0, 0] =  Min([8, 2, 4, 0, 0]) = 2 
[0, 9, 4, 7, 7] =  Min([0, 9, 4, 7, 7]) = 0 
[7, 1, 1, 6, 7] =  Min([7, 1, 1, 6, 7]) = 1 
[9, 4, 1, 3, 1] =  Min([9, 4, 1, 3, 1]) = 1 
[3, 8, 6, 7, 7] =  Min([3, 8, 6, 7, 7]) = 3 
[9, 0, 9, 1, 3] =  Min([9, 0, 9, 1, 3]) = 0 
[2, 8, 1, 2, 0] =  Min([2, 8, 1, 2, 0]) = 1 
[0, 3, 4, 4, 7] =  Min([0, 3, 4, 4, 7]) = 0 
[6, 1, 8, 3, 2] =  Min([6, 1, 8, 3, 2]) = 1 
[4, 9, 9, 4, 7] =  Min([4, 9, 9, 4, 7]) = 4 
[8, 8, 7, 7, 1] =  Min([8, 8, 7, 7, 1]) = 1 
[4, 0, 1, 3, 9] = 
        Min([4, 0, 1, 3, 9]) = 1 
[2, 7, 8, 7, 4] =  Min([2, 7, 8, 7, 4]) = 2 
[7, 5, 6, 5, 5] =  Min([7, 5, 6, 5, 5]) = 5 
[4, 6, 8, 0, 7] =  Min([4, 6, 8, 0, 7]) = 0 
[6, 8, 0, 8, 7] =  Min([6, 8, 0, 8, 7]) = 0 
[9, 7, 7, 0, 3] =  Min([9, 7, 7, 0, 3]) = 0 
[7, 1, 0, 9, 3] =  Min([7, 1, 0, 9, 3]) = 1 
[6, 1, 3, 1, 7] =  Min([6, 1, 3, 1, 7]) = 1 
[4, 6, 7, 7, 3] =  Min([4, 6, 7, 7, 3]) = 3 
[9, 8, 2, 1, 4] =  Min([9, 8, 2, 1, 4]) = 1 
[36, 92, 38, 75, 74] =  Min([36, 92, 38, 75, 74]) = 36 
[61, 44, 42, 70, 97] =  Min([61, 44, 42, 70, 97]) = 42 
[89, 30, 73, 49, 29] =  Min([89, 30, 73, 49, 29]) = 29 
[60, 90, 48, 49, 84] =  Min([60, 90, 48, 49, 84]) = 48 
[64, 75, 42, 12, 56] =  Min([64, 75, 42, 12, 56]) = 12 
[18, 52, 83, 19, 9] =  Min([18, 52, 83, 19, 9]) = 9 
[50, 83, 10, 42, 86] =  Min([50, 83, 10, 42, 86]) = 10 
[97, 62, 69, 4, 79] =  Min([97, 62, 69, 4, 79]) = 4 
[29, 95, 11, 55, 12] =  Min([29, 95, 11, 55, 12]) = 11 
[21, 88, 38, 3, 5] =  Min([21, 88, 38, 3, 5]) = 3 
[55, 18, 31, 67, 52] =  Min([55, 18, 31, 67, 52]) = 18 
[10, 78, 48, 79, 87] =  Min([10, 78, 48, 79, 87]) = 4 
[59, 81, 32, 58, 32] =  Min([59, 81, 32, 58, 32]) = 32 
[69, 20, 9, 56, 44] =  Min([69, 20, 9, 56, 44]) = 9 
[32, 58, 38, 25, 49] =  Min([32, 58, 38, 25, 49]) = 25 
[45, 73, 37, 89, 37] =  Min([45, 73, 37, 89, 37]) = 37 
[72, 87, 99, 95, 6] =  Min([72, 87, 99, 95, 6]) = 6 
[29, 77, 45, 28, 81] =  Min([29, 77, 45, 28, 81]) = 28 
[92, 98, 84, 87, 17] =  Min([92, 98, 84, 87, 17]) = 17 
[39, 56, 4, 74, 46] =  Min([39, 56, 4, 74, 46]) = 4 
[95, 53, 22, 25, 16] =  Min([95, 53, 22, 25, 16]) = 16 
[21, 32, 61, 37, 95] =  Min([21, 32, 61, 37, 95]) = 3 
[96, 28, 86, 92, 86] =  Min([96, 28, 86, 92, 86]) = 28 
[1, 33, 68, 15, 58] =  Min([1, 33, 68, 15, 58]) = 1 
[74, 48, 81, 47, 13] =  Min([74, 48, 81, 47, 13]) = 13 
[71, 41, 78, 28, 82] =  Min([71, 41, 78, 28, 82]) = 28 
[83, 52, 14, 17, 5] =  Min([83, 52, 14, 17, 5]) = 5 
[30, 68, 17, 49, 58] =  Min([30, 68, 17, 49, 58]) = 17 
[53, 75, 95, 93, 19] =  Min([53, 75, 95, 93, 19]) = 19 
[52, 35, 4, 88, 47] =  Min([52, 35, 4, 88, 47]) = 4 
[12, 87, 47, 69, 82] =  Min([12, 87, 47, 69, 82]) = 12 
[15, 58, 11, 84, 27] =  Min([15, 58, 11, 84, 27]) = 11 
[42, 31, 16, 72, 26] =  Min([42, 31, 16, 72, 26]) = 16 
[27, 29, 42, 99, 18] =  Min([27, 29, 42, 99, 18]) = 27 
[69, 32, 22, 14, 84] =  Min([69, 32, 22, 14, 84]) = 8 
[75, 41, 2, 22, 33] =  Min([75, 41, 2, 22, 33]) = 2 
[14, 95, 8, 60, 57] =  Min([14, 95, 8, 60, 57]) = 8 
[57, 64, 28, 78, 5] =  Min([57, 64, 28, 78, 5]) = 5 
[82, 3, 7, 61, 51] =  Min([82, 3, 7, 61, 51]) = 3 
[56, 9, 10, 41, 77] =  Min([56, 9, 10, 41, 77]) = 9 
[81, 74, 70, 91, 41] =  Min([81, 74, 70, 91, 41]) = 41 
[64, 77, 55, 12, 89] =  Min([64, 77, 55, 12, 89]) = 12 
[92, 27, 55, 57, 29] =  Min([92, 27, 55, 57, 29]) = 27 
[93, 12, 40, 54, 40] =  Min([93, 12, 40, 54, 40]) = 12 
[60, 8, 11, 10, 11] =  Min([60, 8, 11, 10, 11]) = 8 
[16, 71, 7, 75, 71] =  Min([16, 71, 7, 75, 71]) = 7 
[45, 85, 96, 54, 92] =  Min([45, 85, 96, 54, 92]) = 45 
[13, 73, 64, 27, 19] =  Min([13, 73, 64, 27, 19]) = 13 
[71, 47, 14, 97, 35] =  Min([71, 47, 14, 97, 35]) = 14 
[79, 78, 86, 82, 71] =  Min([79, 78, 86, 82, 71]) = 71 
[3, 23, 34, 89, 97] =  Min([3, 23, 34, 89, 97]) = 3 
[18, 72, 84, 51, 8] =  Min([18, 72, 84, 51, 8]) = 8 
[95, 67, 27, 48, 53] =  Min([95, 67, 27, 48, 53]) = 27 
[92, 41, 99, 72, 76] =  Min([92, 41, 99, 72, 76]) = 41 
[79, 6, 86, 10, 34] =  Min([79, 6, 86, 10, 34]) = 6 
[56, 53, 34, 27, 96] =  Min([56, 53, 34, 27, 96]) = 27 
[36, 86, 86, 75, 62] =  Min([36, 86, 86, 75, 62]) = 36 
[50, 76, 7, 0, 26] =  Min([50, 76, 7, 0, 26]) = 7 
[32, 37, 41, 15, 0] =  Min([32, 37, 41, 15, 0]) = 0 
[48, 68, 90, 29, 64] =  Min([48, 68, 90, 29, 64]) = 29 
[94, 5, 55, 2, 58] =  Min([94, 5, 55, 2, 58]) = 2 
[51, 90, 81, 53, 37] =  Min([51, 90, 81, 53, 37]) = 37 
[79, 58, 88, 46, 11] =  Min([79, 58, 88, 46, 11]) = 11 
[51, 67, 10, 50, 39] =  Min([51, 67, 10, 50, 39]) = 10 
[21, 9, 65, 81, 14] =  Min([21, 9, 65, 81, 14]) = 9 
[44, 93, 82, 18, 30] =  Min([44, 93, 82, 18, 30]) = 18 
[77, 19, 97, 97, 83] =  Min([77, 19, 97, 97, 83]) = 19 
[59, 96, 72, 97, 74] =  Min([59, 96, 72, 97, 74]) = 59 
[79, 41, 80, 40, 19] =  Min([79, 41, 80, 40, 19]) = 19 
[38, 35, 75, 7, 45] =  Min([38, 35, 75, 7, 45]) = 7 
[4, 7, 47, 36, 9] =  Min([4, 7, 47, 36, 9]) = 4 
[49, 59, 74, 70, 94] =  Min([49, 59, 74, 70, 94]) = 49 
[41, 77, 60, 64, 19] =  Min([41, 77, 60, 64, 19]) = 19 
[10, 64, 82, 22, 5] =  Min([10, 64, 82, 22, 5]) = 5 
[66, 78, 20, 46, 47] =  Min([66, 78, 20, 46, 47]) = 20 
[86, 76, 6, 80, 82] =  Min([86, 76, 6, 80, 82]) = 6 
[86, 49, 36, 32, 92] =  Min([86, 49, 36, 32, 92]) = 32 
[74, 84, 18, 44, 39] =  Min([74, 84, 18, 44, 39]) = 18 
[76, 90, 10, 39, 71] =  Min([76, 90, 10, 39, 71]) = 10 
[89, 94, 87, 67, 11] =  Min([89, 94, 87, 67, 11]) = 11 
[2, 46, 39, 23, 27] =  Min([2, 46, 39, 23, 27]) = 2 
[17, 19, 9, 37, 12] =  Min([17, 19, 9, 37, 12]) = 9 
[4, 84, 43, 98, 79] =  Min([4, 84, 43, 98, 79]) = 4 
[23, 88, 98, 79, 21] =  Min([23, 88, 98, 79, 21]) = 21 
[86, 92, 30, 56, 78] =  Min([86, 92, 30, 56, 78]) = 30 
[68, 30, 39, 60, 24] =  Min([68, 30, 39, 60, 24]) = 24 
[98, 36, 99, 48, 64] =  Min([98, 36, 99, 48, 64]) = 36 
[17, 32, 6, 82, 61] =  Min([17, 32, 6, 82, 61]) = 6 
[15, 36, 10, 97, 20] =  Min([15, 36, 10, 97, 20]) = 10 
[11, 28, 57, 44, 3] =  Min([11, 28, 57, 44, 3]) = 3 
[30, 49, 10, 47, 28] =  Min([30, 49, 10, 47, 28]) = 10 
[42, 18, 17, 4, 36] =  Min([42, 18, 17, 4, 36]) = 4 
[60, 57, 78, 0, 10] =  Min([60, 57, 78, 0, 10]) = 0 
[93, 77, 67, 54, 14] =  Min([93, 77, 67, 54, 14]) = 14 
[6, 30, 53, 81, 79] =  Min([6, 30, 53, 81, 79]) = 6 
[68, 2, 80, 65, 73] =  Min([68, 2, 80, 65, 73]) = 2 
[0, 78, 45, 30, 73] =  Min([0, 78, 45, 30, 73]) = 0 
[67, 46, 8, 67, 69] =  Min([67, 46, 8, 67, 69]) = 4 
[60, 5, 81, 49, 47] =  Min([60, 5, 81, 49, 47]) = 5 
[44, 30, 93, 84, 80] =  Min([44, 30, 93, 84, 80]) = 30 
[340, 136, 45, 360, 559] =  Min([340, 136, 45, 360, 559]) = 45 
[797, 701, 475, 712, 490] =  Min([797, 701, 475, 712, 490]) = 475 
[733, 794, 966, 468, 37] =  Min([733, 794, 966, 468, 37]) = 37 
[907, 42, 323, 955, 317] =  Min([907, 42, 323, 955, 317]) = 42 
[259, 37, 771, 662, 195] =  Min([259, 37, 771, 662, 195]) = 37 
[886, 671, 339, 279, 127] =  Min([886, 671, 339, 279, 127]) = 127 
[761, 450, 916, 979, 395] =  Min([761, 450, 916, 979, 395]) = 395 
[509, 376, 946, 816, 531] =  Min([509, 376, 946, 816, 531]) = 376 
[80, 440, 616, 842, 184] =  Min([80, 440, 616, 842, 184]) = 44 
[335, 676, 302, 313, 456] =  Min([335, 676, 302, 313, 456]) = 302 
[454, 359, 457, 43, 744] =  Min([454, 359, 457, 43, 744]) = 3 
[281, 654, 810, 970, 58] =  Min([281, 654, 810, 970, 58]) = 58 
[525, 820, 767, 695, 163] =  Min([525, 820, 767, 695, 163]) = 163 
[694, 800, 448, 35, 129] =  Min([694, 800, 448, 35, 129]) = 35 
[370, 392, 972, 580, 33] =  Min([370, 392, 972, 580, 33]) = 33 
[379, 380, 454, 781, 78] =  Min([379, 380, 454, 781, 78]) = 78 
[321, 665, 285, 255, 983] =  Min([321, 665, 285, 255, 983]) = 255 
[530, 396, 935, 575, 120] =  Min([530, 396, 935, 575, 120]) = 396 
[219, 626, 292, 710, 938] =  Min([219, 626, 292, 710, 938]) = 219 
[75, 462, 176, 920, 730] =  Min([75, 462, 176, 920, 730]) = 75 
[865, 327, 683, 355, 726] =  Min([865, 327, 683, 355, 726]) = 327 
[307, 871, 161, 728, 726] =  Min([307, 871, 161, 728, 726]) = 161 
[370, 520, 229, 124, 205] =  Min([370, 520, 229, 124, 205]) = 124 
[26, 369, 567, 586, 377] =  Min([26, 369, 567, 586, 377]) = 26 
[905, 88, 67, 316, 407] =  Min([905, 88, 67, 316, 407]) = 316 
[787, 419, 843, 588, 75] =  Min([787, 419, 843, 588, 75]) = 419 
[460, 477, 696, 529, 352] =  Min([460, 477, 696, 529, 352]) = 352 
[655, 601, 186, 786, 989] =  Min([655, 601, 186, 786, 989]) = 186 
[56, 851, 127, 530, 156] =  Min([56, 851, 127, 530, 156]) = 56 
[726, 230, 354, 970, 963] =  Min([726, 230, 354, 970, 963]) = 230 
[256, 201, 650, 979, 564] =  Min([256, 201, 650, 979, 564]) = 201 
[546, 95, 514, 656, 172] =  Min([546, 95, 514, 656, 172]) = 95 
[674, 639, 737, 923, 619] =  Min([674, 639, 737, 923, 619]) = 619 
[845, 884, 29, 83, 46] =  Min([845, 884, 29, 83, 46]) = 29 
[666, 215, 785, 585, 426] =  Min([666, 215, 785, 585, 426]) = 215 
[642, 558, 296, 657, 979] =  Min([642, 558, 296, 657, 979]) = 296 
[701, 415, 304, 464, 74] =  Min([701, 415, 304, 464, 74]) = 304 
[495, 475, 208, 348, 621] =  Min([495, 475, 208, 348, 621]) = 208 
[751, 881, 353, 998, 408] =  Min([751, 881, 353, 998, 408]) = 353 
[108, 326, 247, 477, 125] =  Min([108, 326, 247, 477, 125]) = 108 
[51, 297, 968, 393, 884] =  Min([51, 297, 968, 393, 884]) = 51 
[923, 163, 833, 335, 956] =  Min([923, 163, 833, 335, 956]) = 163 
[163, 510, 527, 478, 510] =  Min([163, 510, 527, 478, 510]) = 163 
[967, 402, 517, 468, 989] =  Min([967, 402, 517, 468, 989]) = 402 
[51, 288, 506, 611, 903] =  Min([51, 288, 506, 611, 903]) = 51 
[549, 8, 867, 110, 441] =  Min([549, 8, 867, 110, 441]) = 8 
[782, 412, 374, 46, 410] =  Min([782, 412, 374, 46, 410]) = 410 
[566, 295, 75, 395, 516] =  Min([566, 295, 75, 395, 516]) = 75 
[638, 696, 625, 121, 131] =  Min([638, 696, 625, 121, 131]) = 121 
[347, 571, 961, 374, 773] =  Min([347, 571, 961, 374, 773]) = 347 
[512, 41, 46, 39, 140] =  Min([512, 41, 46, 39, 140]) = 39 
[467, 152, 620, 914, 527] =  Min([467, 152, 620, 914, 527]) = 152 
[166, 402, 631, 757, 862] =  Min([166, 402, 631, 757, 862]) = 166 
[521, 545, 501, 725, 576] =  Min([521, 545, 501, 725, 576]) = 501 
[339, 689, 112, 426, 597] =  Min([339, 689, 112, 426, 597]) = 112 
[704, 644, 27, 611, 485] =  Min([704, 644, 27, 611, 485]) = 27 
[794, 592, 591, 233, 738] =  Min([794, 592, 591, 233, 738]) = 233 
[644, 738, 634, 793, 861] =  Min([644, 738, 634, 793, 861]) = 634 
[32, 586, 970, 717, 112] =  Min([32, 586, 970, 717, 112]) = 32 
[155, 422, 707, 208, 420] =  Min([155, 422, 707, 208, 420]) = 155 
[893, 868, 753, 744, 63] =  Min([893, 868, 753, 744, 63]) = 63 
[332, 678, 489, 538, 385] =  Min([332, 678, 489, 538, 385]) = 332 
[545, 350, 559, 362, 692] =  Min([545, 350, 559, 362, 692]) = 350 
[822, 709, 270, 624, 495] =  Min([822, 709, 270, 624, 495]) = 270 
[305, 230, 964, 996, 304] =  Min([305, 230, 964, 996, 304]) = 230 
[721, 500, 324, 491, 357] =  Min([721, 500, 324, 491, 357]) = 324 
[280, 294, 124, 587, 692] =  Min([280, 294, 124, 587, 692]) = 124 
[353, 977, 791, 823, 149] =  Min([353, 977, 791, 823, 149]) = 353 
[80, 354, 946, 452, 671] =  Min([80, 354, 946, 452, 671]) = 80 
[847, 551, 277, 955, 575] =  Min([847, 551, 277, 955, 575]) = 277 
[758, 600, 245, 248, 51] =  Min([758, 600, 245, 248, 51]) = 245 
[238, 53, 102, 423, 338] =  Min([238, 53, 102, 423, 338]) = 33 
[140, 5, 987, 563, 951] = 
        Min([140, 5, 987, 563, 951]) = 5 
[899, 487, 488, 666, 204] =  Min([899, 487, 488, 666, 204]) = 204 
[661, 60, 929, 787, 91] =  Min([661, 60, 929, 787, 91]) = 60 
[740, 870, 959, 38, 935] =  Min([740, 870, 959, 38, 935]) = 38 
[180, 956, 941, 37, 856] =  Min([180, 956, 941, 37, 856]) = 37 
[766, 985, 893, 948, 296] =  Min([766, 985, 893, 948, 296]) = 296 
[617, 109, 950, 343, 291] =  Min([617, 109, 950, 343, 291]) = 109 
[910, 961, 137, 871, 516] =  Min([910, 961, 137, 871, 516]) = 137 
[338, 166, 748, 469, 663] =  Min([338, 166, 748, 469, 663]) = 166 
[345, 809, 302, 581, 690] =  Min([345, 809, 302, 581, 690]) = 302 
[654, 918, 415, 846, 437] =  Min([654, 918, 415, 846, 437]) = 415 
[97, 189, 143, 488, 331] =  Min([97, 189, 143, 488, 331]) = 97 
[241, 457, 771, 273, 976] =  Min([241, 457, 771, 273, 976]) = 241 
[11, 267, 669, 368, 709] =  Min([11, 267, 669, 368, 709]) = 11 
[314, 163, 415, 702, 514] =  Min([314, 163, 415, 702, 514]) = 163 
[318, 706, 120, 654, 938] =  Min([318, 706, 120, 654, 938]) = 120 
[224, 980, 136, 489, 156] =  Min([224, 980, 136, 489, 156]) = 136 
[718, 562, 934, 482, 775] =  Min([718, 562, 934, 482, 775]) = 482 
[780, 253, 696, 772, 610] =  Min([780, 253, 696, 772, 610]) = 253 
[540, 720, 370, 79, 939] =  Min([540, 720, 370, 79, 939]) = 370 
[924, 517, 207, 586, 549] =  Min([924, 517, 207, 586, 549]) = 207 
[452, 119, 696, 210, 734] =  Min([452, 119, 696, 210, 734]) = 119 
[456, 828, 56, 464, 135] =  Min([456, 828, 56, 464, 135]) = 56 
[572, 473, 688, 826, 315] =  Min([572, 473, 688, 826, 315]) = 315 
[3, 763, 223, 592, 74] =  Min([3, 763, 223, 592, 74]) = 3 
[554, 61, 957, 915, 70] =  Min([554, 61, 957, 915, 70]) = 61 
[184, 787, 138, 784, 656] =  Min([184, 787, 138, 784, 656]) = 138 
[912, 391, 459, 890, 939] =  Min([912, 391, 459, 890, 939]) = 391 
[8835, 2178, 5697, 1943, 2924] = 
        Min([8835, 2178, 5697, 1943, 2924]) = 1943 
[56, 372, 4888, 7585, 8920] =  Min([56, 372, 4888, 7585, 8920]) = 56 
[7546, 5671, 2541, 4516, 3088] =  Min([7546, 5671, 2541, 4516, 3088]) = 2541 
[3376, 1102, 1653, 9731, 550] =  Min([3376, 1102, 1653, 9731, 550]) = 550 
[6590, 7191, 3839, 8843, 3559] =  Min([6590, 7191, 3839, 8843, 3559]) = 3559 
[9438, 5224, 9461, 9796, 5253] =  Min([9438, 5224, 9461, 9796, 5253]) = 5224 
[6775, 4923, 4508, 998, 9121] =  Min([6775, 4923, 4508, 998, 9121]) = 998 
[768, 5642, 6244, 8592, 5222] =  Min([768, 5642, 6244, 8592, 5222]) = 768 
[3012, 8813, 7758, 3948, 3692] =  Min([3012, 8813, 7758, 3948, 3692]) = 3012 
[6761, 6824, 9130, 8683, 2196] =  Min([6761, 6824, 9130, 8683, 2196]) = 2196 
[1295, 7369, 6079, 1514, 8775] =  Min([1295, 7369, 6079, 1514, 8775]) = 1295 
[9878, 647, 1192, 3082, 9626] =  Min([9878, 647, 1192, 3082, 9626]) = 647 
[4967, 251, 3470, 3113, 1922] =  Min([4967, 251, 3470, 3113, 1922]) = 251 
[3921, 9045, 5269, 4637, 6236] =  Min([3921, 9045, 5269, 4637, 6236]) = 3921 
[5892, 8401, 8147, 7635, 1615] =  Min([5892, 8401, 8147, 7635, 1615]) = 1615 
[6781, 749, 9216, 3625, 2390] =  Min([6781, 749, 9216, 3625, 2390]) = 749 
[6841, 4836, 2497, 3214, 5404] =  Min([6841, 4836, 2497, 3214, 5404]) = 2497 
[9021, 5530, 4216, 8005, 8037] =  Min([9021, 5530, 4216, 8005, 8037]) = 4216 
[8954, 8000, 3015, 8882, 962] =  Min([8954, 8000, 3015, 8882, 962]) = 3015 
[6756, 2252, 3791, 1113, 2474] =  Min([6756, 2252, 3791, 1113, 2474]) = 1113 
[990, 7916, 7993, 257, 108] =  Min([990, 7916, 7993, 257, 108]) = 257 
[8673, 4501, 8777, 4697, 280] =  Min([8673, 4501, 8777, 4697, 280]) = 280 
[8591, 2439, 3948, 3144, 8625] =  Min([8591, 2439, 3948, 3144, 8625]) = 2439 
[6112, 6652, 7520, 9256, 3984] =  Min([6112, 6652, 7520, 9256, 3984]) = 3984 
[6640, 6213, 6179, 9055, 7798] =  Min([6640, 6213, 6179, 9055, 7798]) = 6179 
[7109, 5427, 9270, 1562, 8653] =  Min([7109, 5427, 9270, 1562, 8653]) = 1562 
[4441, 762, 1218, 4593, 8897] =  Min([4441, 762, 1218, 4593, 8897]) = 762 
[3394, 9617, 2362, 6525, 1260] =  Min([3394, 9617, 2362, 6525, 1260]) = 2362 
[6375, 8856, 5435, 6288, 2292] =  Min([6375, 8856, 5435, 6288, 2292]) = 2292 
[7161, 3803, 1245, 5580, 9915] =  Min([7161, 3803, 1245, 5580, 9915]) = 1245 
[7381, 8038, 3737, 5829, 9060] =  Min([7381, 8038, 3737, 5829, 9060]) = 3737 
[1404, 4839, 4037, 1204, 1344] =  Min([1404, 4839, 4037, 1204, 1344]) = 1204 
[5188, 5909, 1745, 1499, 85] =  Min([5188, 5909, 1745, 1499, 85]) = 85 
[2170, 1430, 3070, 7061, 7353] =  Min([2170, 1430, 3070, 7061, 7353]) = 1430 
[430, 1468, 5798, 9080, 1524] =  Min([430, 1468, 5798, 9080, 1524]) = 430 
[4781, 6779, 6353, 1387, 9167] =  Min([4781, 6779, 6353, 1387, 9167]) = 1387 
[2777, 2274, 4405, 4933, 4397] =  Min([2777, 2274, 4405, 4933, 4397]) = 2274 
[4521, 6899, 4911, 7933, 1260] =  Min([4521, 6899, 4911, 7933, 1260]) = 4521 
[3203, 7501, 1752, 2219, 4991] =  Min([3203, 7501, 1752, 2219, 4991]) = 3203 
[7212, 5484, 7055, 9738, 2230] =  Min([7212, 5484, 7055, 9738, 2230]) = 2230 
[5147, 2910, 6524, 5228, 4775] =  Min([5147, 2910, 6524, 5228, 4775]) = 2910 
[4592, 6437, 5980, 1865, 9238] =  Min([4592, 6437, 5980, 1865, 9238]) = 1865 
[440, 7563, 3434, 7183, 4773] =  Min([440, 7563, 3434, 7183, 4773]) = 440 
[3965, 4139, 2525, 6932, 6176] =  Min([3965, 4139, 2525, 6932, 6176]) = 2525 
[6566, 8755, 8300, 6853, 8907] =  Min([6566, 8755, 8300, 6853, 8907]) = 6566 
[1791, 4067, 5816, 2725, 725] =  Min([1791, 4067, 5816, 2725, 725]) = 1791 
[172, 1615, 4239, 3637, 8366] =  Min([172, 1615, 4239, 3637, 8366]) = 172 
[7303, 6129, 6408, 7586, 9643] =  Min([7303, 6129, 6408, 7586, 9643]) = 6129 
[1712, 4840, 6815, 1406, 1901] =  Min([1712, 4840, 6815, 1406, 1901]) = 1406 
[3389, 8537, 7912, 5706, 7801] =  Min([3389, 8537, 7912, 5706, 7801]) = 3389 
[4919, 732, 1885, 370, 5620] =  Min([4919, 732, 1885, 370, 5620]) = 370 
[9042, 2623, 5422, 9172, 6985] =  Min([9042, 2623, 5422, 9172, 6985]) = 2623 
[7080, 6481, 478, 3232, 7365] =  Min([7080, 6481, 478, 3232, 7365]) = 3232 
[3371, 4560, 1025, 9459, 1667] =  Min([3371, 4560, 1025, 9459, 1667]) = 1025 
[7496, 1867, 4298, 8019, 8646] =  Min([7496, 1867, 4298, 8019, 8646]) = 1867 
[1871, 5700, 5766, 7501, 2826] =  Min([1871, 5700, 5766, 7501, 2826]) = 1871 
[1931, 3908, 5003, 1916, 2999] =  Min([1931, 3908, 5003, 1916, 2999]) = 1916 
[9771, 2258, 9417, 6286, 6931] =  Min([9771, 2258, 9417, 6286, 6931]) = 2258 
[2733, 8022, 4732, 2298, 3065] =  Min([2733, 8022, 4732, 2298, 3065]) = 2298 
[7939, 2236, 3196, 6290, 9200] =  Min([7939, 2236, 3196, 6290, 9200]) = 2236 
[7272, 8006, 2740, 1354, 9263] =  Min([7272, 8006, 2740, 1354, 9263]) = 1354 
[3683, 8808, 4729, 2755, 7492] =  Min([3683, 8808, 4729, 2755, 7492]) = 2755 
[9383, 1871, 4389, 8898, 6010] =  Min([9383, 1871, 4389, 8898, 6010]) = 1871 
[6965, 1677, 4055, 4877, 528] =  Min([6965, 1677, 4055, 4877, 528]) = 1677 
[1923, 3882, 3438, 9632, 5744] =  Min([1923, 3882, 3438, 9632, 5744]) = 1923 
[3390, 972, 9340, 5747, 8720] =  Min([3390, 972, 9340, 5747, 8720]) = 3390 
[4794, 4740, 9383, 4380, 8428] =  Min([4794, 4740, 9383, 4380, 8428]) = 4380 
[2078, 2174, 4090, 2396, 5277] =  Min([2078, 2174, 4090, 2396, 5277]) = 2078 
[4402, 6786, 6146, 7405, 1237] =  Min([4402, 6786, 6146, 7405, 1237]) = 1237 
[7449, 7996, 5362, 9534, 40] =  Min([7449, 7996, 5362, 9534, 40]) = 40 
[6516, 3568, 7039, 3470, 8105] =  Min([6516, 3568, 7039, 3470, 8105]) = 3470 
[9468, 2139, 9275, 7951, 5631] =  Min([9468, 2139, 9275, 7951, 5631]) = 2139 
[2035, 2588, 7230, 7479, 11] =  Min([2035, 2588, 7230, 7479, 11]) = 11 
[4489, 1529, 5905, 4102, 1350] =  Min([4489, 1529, 5905, 4102, 1350]) = 1350 
[3836, 7032, 1494, 1559, 17] =  Min([3836, 7032, 1494, 1559, 17]) = 17 
[3705, 8510, 7291, 152, 132] =  Min([3705, 8510, 7291, 152, 132]) = 152 
[1160, 3751, 6276, 1463, 1678] =  Min([1160, 3751, 6276, 1463, 1678]) = 1160 
[6270, 2181, 2340, 1120, 8691] =  Min([6270, 2181, 2340, 1120, 8691]) = 1120 
[5753, 3490, 2480, 6745, 7248] =  Min([5753, 3490, 2480, 6745, 7248]) = 2480 
[9659, 6291, 5759, 7035, 5152] =  Min([9659, 6291, 5759, 7035, 5152]) = 5152 
[9066, 9846, 9830, 9954, 4668] =  Min([9066, 9846, 9830, 9954, 4668]) = 4668 
[8348, 3090, 6418, 4842, 894] =  Min([8348, 3090, 6418, 4842, 894]) = 3090 
[8185, 9730, 1163, 8655, 197] =  Min([8185, 9730, 1163, 8655, 197]) = 1163 
[6895, 5986, 8951, 2830, 7717] =  Min([6895, 5986, 8951, 2830, 7717]) = 2830 
[4295, 3534, 652, 990, 6520] =  Min([4295, 3534, 652, 990, 6520]) = 3534 
[6590, 1350, 8791, 8808, 2501] =  Min([6590, 1350, 8791, 8808, 2501]) = 1350 
[3329, 2545, 8788, 5353, 6401] =  Min([3329, 2545, 8788, 5353, 6401]) = 2545 
[948, 4005, 1412, 7118, 1900] =  Min([948, 4005, 1412, 7118, 1900]) = 948 
[1956, 207, 2248, 185, 2684] =  Min([1956, 207, 2248, 185, 2684]) = 185 
[2735, 6092, 2079, 4403, 1934] =  Min([2735, 6092, 2079, 4403, 1934]) = 1934 
[1046, 4308, 9447, 1262, 8128] =  Min([1046, 4308, 9447, 1262, 8128]) = 1046 
[9287, 2734, 6024, 2577, 4179] =  Min([9287, 2734, 6024, 2577, 4179]) = 2577 
[42, 721, 201, 4006, 753] =  Min([42, 721, 201, 4006, 753]) = 42 
[579, 9058, 6870, 3678, 5272] =  Min([579, 9058, 6870, 3678, 5272]) = 579 
[9364, 6108, 1956, 8225, 862] =  Min([9364, 6108, 1956, 8225, 862]) = 1956 
[1129, 7620, 4625, 5090, 5362] = 
        Min([1129, 7620, 4625, 5090, 5362]) = 1129 
[3287, 4777, 9237, 4979, 3974] =  Min([3287, 4777, 9237, 4979, 3974]) = 3287 
[8954, 4016, 2466, 104, 6718] =  Min([8954, 4016, 2466, 104, 6718]) = 104 
[5488, 23, 6164, 5038, 1703] =  Min([5488, 23, 6164, 5038, 1703]) = 23 
[981, 2332, 4584, 1524, 719] =  Min([981, 2332, 4584, 1524, 719]) = 719 
[98028, 11128, 76122, 12527, 66247] =  Min([98028, 11128, 76122, 12527, 66247]) = 76122 
[74425, 8163, 57014, 86827, 17132] =  Min([74425, 8163, 57014, 86827, 17132]) = 17132 
[91845, 96384, 42762, 41688, 59343] =  Min([91845, 96384, 42762, 41688, 59343]) = 41688 
[76638, 14283, 20369, 13848, 21544] =  Min([76638, 14283, 20369, 13848, 21544]) = 13848 
[70244, 46961, 27215, 59233, 40410] =  Min([70244, 46961, 27215, 59233, 40410]) = 27215 
[89922, 39874, 92367, 91341, 79076] =  Min([89922, 39874, 92367, 91341, 79076]) = 79076 
[93212, 32534, 46627, 51936, 67300] =  Min([93212, 32534, 46627, 51936, 67300]) = 32534 
[4073, 53004, 59270, 72869, 98052] =  Min([4073, 53004, 59270, 72869, 98052]) = 4073 
[18322, 15919, 1567, 8083, 29135] =  Min([18322, 15919, 1567, 8083, 29135]) = 1567 
[82614, 84500, 11015, 76326, 76823] =  Min([82614, 84500, 11015, 76326, 76823]) = 11015 
[84670, 58121, 16880, 12055, 43456] =  Min([84670, 58121, 16880, 12055, 43456]) = 12055 
[75220, 56774, 94952, 51773, 65028] =  Min([75220, 56774, 94952, 51773, 65028]) = 51773 
[46392, 28143, 24530, 36042, 36681] = 
        Min([46392, 28143, 24530, 36042, 36681]) = 24530 
[80868, 32215, 84840, 38680, 65390] =  Min([80868, 32215, 84840, 38680, 65390]) = 32215 
[36670, 50202, 17987, 54949, 26143] =  Min([36670, 50202, 17987, 54949, 26143]) = 17987 
[2559, 50134, 93502, 47069, 62873] =  Min([2559, 50134, 93502, 47069, 62873]) = 2559 
[42153, 50905, 35446, 23568, 3416] = 
        Min([42153, 50905, 35446, 23568, 3416]) = 23568 
[7679, 61824, 69393, 46849, 76544] =  Min([7679, 61824, 69393, 46849, 76544]) = 46849 
[31608, 34934, 69951, 96607, 7328] =  Min([31608, 34934, 69951, 96607, 7328]) = 31608 
[23081, 31005, 77662, 41681, 96744] =  Min([23081, 31005, 77662, 41681, 96744]) = 23081 
[91823, 46095, 74403, 73873, 18625] =  Min([91823, 46095, 74403, 73873, 18625]) = 18625 
[23010, 64282, 4975, 11830, 7362] =  Min([23010, 64282, 4975, 11830, 7362]) = 4975 
[62650, 89, 43481, 80495, 26406] =  Min([62650, 89, 43481, 80495, 26406]) = 89 
[7806, 2872, 19360, 76888, 92365] =  Min([7806, 2872, 19360, 76888, 92365]) = 7806 
[48967, 92345, 86787, 51851, 76810] =  Min([48967, 92345, 86787, 51851, 76810]) = 48967 
[20644, 95990, 57261, 83789, 63858] =  Min([20644, 95990, 57261, 83789, 63858]) = 20644 
[90906, 80440, 46769, 29260, 87232] =  Min([90906, 80440, 46769, 29260, 87232]) = 29260 
[90242, 38602, 16691, 23292, 95529] =  Min([90242, 38602, 16691, 23292, 95529]) = 16691 
[4244, 23865, 78956, 41709, 80134] =  Min([4244, 23865, 78956, 41709, 80134]) = 4244 
[18434, 43406, 97693, 10198, 31194] =  Min([18434, 43406, 97693, 10198, 31194]) = 10198 
[92925, 87821, 83768, 95588, 44007] =  Min([92925, 87821, 83768, 95588, 44007]) = 44007 
[90855, 8885, 45938, 33640, 14160] =  Min([90855, 8885, 45938, 33640, 14160]) = 14160 
[96021, 55004, 21802, 54266, 64629] =  Min([96021, 55004, 21802, 54266, 64629]) = 21802 
[62847, 75766, 85323, 99384, 90067] =  Min([62847, 75766, 85323, 99384, 90067]) = 62847 
[38654, 2631, 41774, 34226, 13726] =  Min([38654, 2631, 41774, 34226, 13726]) = 13726 
[95942, 9830, 71702, 12203, 44295] =  Min([95942, 9830, 71702, 12203, 44295]) = 71702 
[56534, 85673, 21626, 79602, 56911] =  Min([56534, 85673, 21626, 79602, 56911]) = 21626 
[24901, 53645, 91382, 72628, 94638] =  Min([24901, 53645, 91382, 72628, 94638]) = 24901 
[38980, 31135, 12571, 6505, 51498] =  Min([38980, 31135, 12571, 6505, 51498]) = 51498 
[47294, 500, 56047, 11485, 38607] =  Min([47294, 500, 56047, 11485, 38607]) = 500 
[12712, 3373, 27125, 22391, 83648] =  Min([12712, 3373, 27125, 22391, 83648]) = 3373 
[52096, 61727, 64106, 86643, 34734] =  Min([52096, 61727, 64106, 86643, 34734]) = 34734 
[48630, 49996, 48418, 24455, 58428] =  Min([48630, 49996, 48418, 24455, 58428]) = 24455 
[29654, 35200, 73956, 8079, 19808] =  Min([29654, 35200, 73956, 8079, 19808]) = 8079 
[87574, 45061, 70968, 54262, 99150] =  Min([87574, 45061, 70968, 54262, 99150]) = 45061 
[68495, 54870, 70190, 90055, 62236] =  Min([68495, 54870, 70190, 90055, 62236]) = 54870 
[51747, 93625, 4551, 65811, 74870] =  Min([51747, 93625, 4551, 65811, 74870]) = 4551 
[15765, 99246, 58856, 22659, 21910] =  Min([15765, 99246, 58856, 22659, 21910]) = 15765 
[10271, 89538, 57067, 26465, 82211] =  Min([10271, 89538, 57067, 26465, 82211]) = 10271 
[8783, 11406, 50868, 72923, 52082] =  Min([8783, 11406, 50868, 72923, 52082]) = 8783 
[1620, 91804, 81665, 77014, 68493] =  Min([1620, 91804, 81665, 77014, 68493]) = 1620 
[74264, 77061, 76372, 99402, 13133] =  Min([74264, 77061, 76372, 99402, 13133]) = 74264 
[45071, 53856, 34620, 50206, 85824] =  Min([45071, 53856, 34620, 50206, 85824]) = 34620 
[22570, 36099, 52818, 18855, 81034] =  Min([22570, 36099, 52818, 18855, 81034]) = 18855 
[51877, 43449, 90507, 31139, 6460] =  Min([51877, 43449, 90507, 31139, 6460]) = 31139 
[44284, 39722, 40756, 36745, 64437] =  Min([44284, 39722, 40756, 36745, 64437]) = 36745 
[39384, 97481, 58079, 42056, 35313] =  Min([39384, 97481, 58079, 42056, 35313]) = 35313 
[24633, 57896, 27707, 53368, 97117] =  Min([24633, 57896, 27707, 53368, 97117]) = 24633 
[67537, 20836, 8600, 40779, 93004] =  Min([67537, 20836, 8600, 40779, 93004]) = 8600 
[3794, 22772, 25265, 26309, 7553] =  Min([3794, 22772, 25265, 26309, 7553]) = 3794 
[92357, 26097, 35910, 48280, 60846] =  Min([92357, 26097, 35910, 48280, 60846]) = 26097 
[4005, 31711, 48819, 64066, 77862] =  Min([4005, 31711, 48819, 64066, 77862]) = 4005 
[45843, 45121, 21432, 33903, 98167] =  Min([45843, 45121, 21432, 33903, 98167]) = 21432 
[6507, 21352, 75007, 28091, 29012] =  Min([6507, 21352, 75007, 28091, 29012]) = 6507 
[85404, 53674, 67276, 2628, 89417] =  Min([85404, 53674, 67276, 2628, 89417]) = 2628 
[78792, 1109, 29329, 33081, 79736] =  Min([78792, 1109, 29329, 33081, 79736]) = 1109 
[55549, 49345, 45706, 60161, 33029] =  Min([55549, 49345, 45706, 60161, 33029]) = 33029 
[81737, 52055, 76609, 13410, 963] =  Min([81737, 52055, 76609, 13410, 963]) = 81737 
[77826, 79829, 37051, 39121, 89707] =  Min([77826, 79829, 37051, 39121, 89707]) = 37051 
[83964, 42616, 36291, 34229, 85998] =  Min([83964, 42616, 36291, 34229, 85998]) = 34229 
[67802, 31496, 7441, 78647, 52965] =  Min([67802, 31496, 7441, 78647, 52965]) = 31496 
[3336, 85904, 65191, 38745, 34003] =  Min([3336, 85904, 65191, 38745, 34003]) = 3336 
[76418, 92808, 74978, 24892, 44979] =  Min([76418, 92808, 74978, 24892, 44979]) = 24892 
[83665, 62355, 88063, 46988, 66494] =  Min([83665, 62355, 88063, 46988, 66494]) = 46988 
[38506, 12793, 61706, 16769, 97113] =  Min([38506, 12793, 61706, 16769, 97113]) = 12793 
[89091, 43992, 85778, 11704, 29131] =  Min([89091, 43992, 85778, 11704, 29131]) = 11704 
[43426, 48717, 34152, 76751, 38541] =  Min([43426, 48717, 34152, 76751, 38541]) = 34152 
[76490, 76062, 81350, 9334, 61894] =  Min([76490, 76062, 81350, 9334, 61894]) = 61894 
[69446, 39106, 54146, 7086, 19762] =  Min([69446, 39106, 54146, 7086, 19762]) = 7086 
[59974, 18772, 41469, 93804, 23639] =  Min([59974, 18772, 41469, 93804, 23639]) = 18772 
[41079, 83165, 7603, 617, 59251] =  Min([41079, 83165, 7603, 617, 59251]) = 617 
[20766, 64169, 11539, 16961, 80541] =  Min([20766, 64169, 11539, 16961, 80541]) = 11539 
[62573, 50242, 611, 4944, 69963] =  Min([62573, 50242, 611, 4944, 69963]) = 4944 
[99201, 69603, 24979, 2348, 88702] =  Min([99201, 69603, 24979, 2348, 88702]) = 2348 
[90901, 45134, 40906, 16899, 13462] =  Min([90901, 45134, 40906, 16899, 13462]) = 13462 
[8557, 5992, 39085, 38119, 59759] =  Min([8557, 5992, 39085, 38119, 59759]) = 39085 
[56841, 90017, 17536, 44922, 64248] =  Min([56841, 90017, 17536, 44922, 64248]) = 17536 
[2506, 29939, 29402, 95311, 17197] =  Min([2506, 29939, 29402, 95311, 17197]) = 2506 
[22149, 16143, 48049, 93206, 85267] =  Min([22149, 16143, 48049, 93206, 85267]) = 16143 
[81675, 6368, 77846, 6286, 86765] = 
        Min([81675, 6368, 77846, 6286, 86765]) = 6286 
[15176, 54627, 58237, 49840, 16199] =  Min([15176, 54627, 58237, 49840, 16199]) = 15176 
[26934, 91120, 89881, 82616, 1219] =  Min([26934, 91120, 89881, 82616, 1219]) = 1219 
[68197, 35386, 81631, 79381, 91845] =  Min([68197, 35386, 81631, 79381, 91845]) = 35386 
[80962, 15431, 37054, 14943, 13928] =  Min([80962, 15431, 37054, 14943, 13928]) = 13928 
[68569, 26433, 46913, 92200, 53707] =  Min([68569, 26433, 46913, 92200, 53707]) = 26433 
[27222, 90204, 63001, 43332, 30737] =  Min([27222, 90204, 63001, 43332, 30737]) = 27222 
[75255, 87690, 64763, 19548, 11807] =  Min([75255, 87690, 64763, 19548, 11807]) = 11807 
[33540, 84454, 30298, 59867, 38800] =  Min([33540, 84454, 30298, 59867, 38800]) = 30298 
[5170, 38085, 47214, 88705, 40987] =  Min([5170, 38085, 47214, 88705, 40987]) = 5170 
[6014, 1267, 18139, 86947, 84829] =  Min([6014, 1267, 18139, 86947, 84829]) = 6014 
