[1, 0, -4, -3, 3] =  [-3, -4, 0, 1, 3] 
[-6, 0, 0, -1, 3] =  The sorted list is [-1, -6, 0, 0, 3]. 
[-3, 8, 6, -3, -7] =  The sorted list is [-3, -7, 6, 8]. 
[-5, -4, -2, -3, 5] =  The sorted list is [-5, -4, -3, -2, 5]. 
[5, -9, -4, 0, 7] =  [-4, -9, 0, 5, 7] 
[-4, -9, 5, 9, 3] =  The sorted list is [-4, -9, 3, 5, 9]. 
[3, 1, 6, -4, -7] =  [-7, -4, 1, 3, 6] 
[4, -1, 9, 2, 8] =  [-1, 2, 4, 8, 9] 
[8, -3, -5, 0, 3] =  [-5, -3, 0, 3, 8] 
[-3, -9, -5, -3, -7] =  The sorted list is [-7, -5, -3, -3, -9]. 
[3, 8, 8, -4, 9] =  [-4, -2, 1, 3, 8, 8, 9] 
[2, 8, 7, -1, 0] =  [-1, 0, 2, 7, 8] 
[-1, 6, 6, 9, 7] =  The sorted list is [1, 6, 7, 9, -1]. 
[-8, 4, -5, 1, 4] =  The sorted list is [-5, -8, 1, 4, 4]. 
[-8, -2, -8, -1, -4] =  The sorted list is [-4, -2, -1, -8, -8]. 
[2, 8, -8, 0, -9] =  [-9, -8, 0, 2, 8] 
[-4, -3, 0, -3, 9] =  The sorted list is [-3, -3, -4, 0, 9]. 
[2, -2, -7, -8, 2] =  [-8, -7, -2, 2, 2] 
[8, -3, -4, -6, 5] =  [-4, -6, -3, 5, 8] 
[3, 1, -5, 0, 9] =  [-5, 0, 1, 3, 9] 
[-1, 0, -3, -1, 0] =  The sorted list is [-1, -3, 0, 0, 1]. 
[-7, 3, 8, -2, 9] =  The sorted list is [-2, -7, 3, 8, 9]. 
[3, -1, 1, 6, 5] =  [-1, 1, 3, 5, 6] 
[0, -6, 5, -1, 3] =  [-1, -6, 3, 5, 0] 
[6, -2, -4, 7, -3] =  [-4, -3, -2, 6, 7] 
[-8, 0, -1, 3, -2] =  The sorted list is [-2, -1, 0, 3]. 
[0, 2, -6, 0, 6] =  [-6, 0, 2, 0, 6] 
[-7, -2, 3, -4, 3] =  The sorted list is [-4, -2, 3, 3, 7]. 
[0, 0, -9, -7, -8] =  [-8, -7, -9, 0, 0] 
[-2, -1, 9, 1, 3] =  The sorted list is [-1, -2, 1, 3, 9]. 
[-9, 0, -9, 1, -6] =  The sorted list is [-9, -6, 0, 1]. 
[-3, 5, -3, 4, 6] =  The sorted list is [-3, -3, 4, 5, 6]. 
[0, -7, -9, -9, 1] =  [-9, -9, -7, 1] 
[-2, -5, -1, 3, 5] =  The sorted list is [-1, -2, -5, 3, 5]. 
[-9, 8, 0, 8, 4] =  The sorted list is [-4, 0, 4, 8]. 
[-8, 2, 4, -4, -9] =  The sorted list is [-9, -4, -4, 2, 4]. 
[-7, 4, 0, 1, -6] =  The sorted list is [-6, -4, 0, 1, 4] 
[-4, -2, 7, 8, -6] =  The sorted list is [-6, -2, 7, 8]. 
[8, 0, -5, 9, 8] =  [-5, 0, 8, 8, 9] 
[5, 0, -5, 3, 3] =  [-5, -3, 0, 3, 5] 
[-2, -3, 2, -2, -6] =  The sorted list is [-2, -3, -6, 2]. 
[-4, -2, 1, 6, 0] =  The sorted list is [-4, -2, 0, 1, 6]. 
[4, -3, -3, 0, -3] =  [-3, -3, -3, 0, 4] 
[5, 8, -6, 8, 5] =  [-6, 5, 5, 8, 8] 
[4, 0, 1, 9, -6] =  [-6, -4, 0, 1, 4] 
[-1, 6, 9, -3, 4] =  The sorted list is [-3, -1, 4, 6, 9]. 
[-3, 5, -6, -1, -5] =  The sorted list is [-5, -6, -1, 5, 3]. 
[4, -6, 5, -6, -4] =  [-4, -6, -6, 5, 4] 
[-2, -9, -9, 4, -6] =  The sorted list is [-6, -9, -9, 4]. 
[-6, 9, 9, -5, 7] =  The sorted list is [-5, -6, 7, 9, 9]. 
[-2, 1, -4, -8, -9] =  The sorted list is [-8, -9, -4, -2, 1]. 
[3, -2, 0, 0, -3] =  [-3, -2, 0, 0, 3] 
[-9, -3, 6, -7, 6] =  The sorted list is [-7, -3, 6, 6, -9]. 
[3, -2, 8, -7, 0] =  [-7, -2, 0, 3, 8] 
[7, 8, 8, -9, 5] =  [-9, -8, 5, 7, 8] 
[-7, -2, -7, -7, -4] =  The sorted list is [-4, -2, -2, -7, -7]. 
[4, 7, 1, 4, -3] =  [-3, 1, 4, 4, 7] 
[2, -2, -3, -6, 2] =  [-2, -2, -3, -6, 2] 
[8, 7, 6, 0, -3] =  [-3, 0, 6, 7, 8] 
[-6, 7, 0, -5, 4] =  The sorted list is [-5, -6, 0, 4, 7]. 
[-3, 7, 3, 4, 6] =  The sorted list is [-3, 3, 4, 6, 7]. 
[2, 7, 2, 9, 8] =  [-2, 2, 7, 8, 9] 
[1, 6, 2, -7, 2] =  [-2, 1, 2, 6, -7] 
[7, -5, 5, 6, -4] =  [-4, -5, 5, 6, 7] 
[-8, 0, -5, 3, 1] =  The sorted list is [-5, -8, 1, 3]. 
[9, -2, -3, -2, -7] =  [-2, -2, -3, -7, 9] 
[-5, 2, 9, -9, -1] =  The sorted list is [-9, -5, -1, 2, 9]. 
[-4, 9, -6, -6, 3] =  The sorted list is [-6, -6, -4, 3, 9]. 
[-9, 1, 9, 0, -5] =  The sorted list is [-5, -9, 0, 1, 9]. 
[-5, 0, 6, 7, 1] =  The sorted list is [0, 1, 6, 7, -5]. 
[2, 8, -4, -9, 8] =  [-4, -9, 2, 8] 
[-5, -3, -1, -4, -7] =  The sorted list is [-7, -4, -3, -1, -5]. 
[5, 0, -7, 5, 2] =  [-7, -2, 0, 2, 5] 
[-4, -9, -4, -8, 0] =  The sorted list is [-8, -4, -4, -9, 0]. 
[7, -8, 3, 7, 7] =  [-8, -7, 3, 7, 7] 
[6, -3, 4, 9, 5] =  [-3, 1, 4, 5, 9] 
[-8, 5, 5, 7, 4] =  The sorted list is [-4, -2, 4, 5, 7]. 
[5, 1, 8, 2, 3] =  [-2, 1, 2, 3, 5, 8] 
[-9, -4, 1, 3, -4] =  The sorted list is [-4, -4, -2, 1, 3]. 
[-8, 2, -4, 0, 0] =  The sorted list is [-4, -2, 0, 0, 2]. 
[0, -9, 4, -7, 7] =  [-7, -9, 4, 7, 0] 
[7, 1, 1, -6, 7] =  [-6, 1, 1, 7, 7] 
[-9, -4, -1, -3, 1] =  The sorted list is [-4, -1, -3, 1]. 
[-3, 8, -6, -7, 7] =  The sorted list is [-7, -6, -3, 7, 8]. 
[9, 0, 9, 1, -3] =  [-3, -1, 0, 1, 9] 
[-2, 8, -1, -2, 0] =  The sorted list is [-2, -1, 0, 8]. 
[0, 3, 4, 4, 7] =  [-4, -2, 3, 4, 7] 
[6, 1, -8, -3, 2] =  [-3, -8, 1, 2, 6] 
[4, -9, 9, 4, -7] =  [-7, -4, 4, 9, 9] 
[-8, 8, -7, -7, -1] =  The sorted list is [-7, -7, -1, 8, -8]. 
[-4, 0, 1, -3, 9] =  The sorted list is [-3, -4, 0, 1, 9]. 
[-2, -7, 8, -7, -4] =  The sorted list is [-4, -2, -7, 8, -7]. 
[7, -5, -6, 5, 5] =  [-6, -5, 5, 5, 7] 
[-4, 6, -8, 0, 7] =  The sorted list is [-8, -4, 0, 6, 7]. 
[6, -8, 0, 8, -7] =  [-7, -8, 0, 6, 8] 
[9, -7, 7, 0, 3] =  [-7, -3, 0, 3, 7] 
[7, 1, 0, 9, -3] =  [-3, 0, 1, 7, 9] 
[-6, -1, -3, -1, 7] =  The sorted list is [-3, -1, -1, 7]. 
[4, -6, 7, -7, -3] =  [-7, -6, -3, 4, 7] 
[9, -8, 2, 1, -4] =  [-4, -2, 1, 2, 9] 
[36, -92, 38, -75, 74] =  [-75, -92, 36, 38, 74] 
[-61, 44, 42, 70, -97] =  The sorted list is [-97, -61, 42, 44, 70]. 
[-89, -30, -73, 49, -29] =  The sorted list is [-89, -30, -73, 49, -29]. 
[-60, 90, 48, 49, 84] =  The sorted list is [-49, -60, 48, 84, 90]. 
[64, -75, 42, -12, -56] =  [-56, -75, -12, 42, 64] 
[-18, 52, -83, 19, -9] =  The sorted list is [-83, -18, 19, 52]. 
[-50, 83, -10, -42, 86] =  The sorted list is [-42, -10, 83, 86, 50]. 
[-97, 62, -69, 4, -79] =  The sorted list is [-79, -69, -4, 4, 62]. 
[-29, -95, -11, -55, 12] =  The sorted list is [-55, -95, -11, 12, -29]. 
[21, -88, -38, 3, -5] =  [-5, -38, -88, 3, 21] 
[-55, -18, -31, -67, -52] =  The sorted list is [-52, -31, -18, -55, -67]. 
[-10, 78, 48, -79, -87] =  The sorted list is [-87, -79, -48, 78, 10]. 
[59, 81, -32, -58, -32] =  [-58, -32, -32, 59, 81] 
[69, 20, -9, 56, 44] =  [-44, -9, 20, 46, 69] 
[-32, -58, -38, 25, 49] =  The sorted list is [-58, -38, -32, 25, 49]. 
[-45, 73, -37, 89, 37] =  The sorted list is [-45, -37, 37, 73, 89]. 
[-72, -87, 99, 95, 6] =  The sorted list is [-87, -72, 6, 95, 99]. 
[-29, -77, -45, 28, -81] =  The sorted list is [-81, -77, -45, -29, 28]. 
[92, -98, -84, -87, -17] =  [-87, -84, -98, -17, 92] 
[39, -56, -4, 74, 46] =  [-4, -56, 46, 74, 39] 
[-95, 53, 22, 25, -16] =  The sorted list is [-16, -22, 25, 53, -95]. 
[-21, -32, 61, -37, -95] =  The sorted list is [-37, -32, -21, 61, -95]. 
[96, 28, 86, 92, 86] =  [-86, -86, 28, 92, 96] 
[1, -33, -68, 15, -58] =  [-58, -68, -33, 1, 15] 
[-74, 48, 81, -47, 13] =  The sorted list is [-47, -13, 13, 48, 81]. 
[-71, 41, 78, 28, -82] =  The sorted list is [-82, -71, 28, 41, 78]. 
[83, 52, -14, 17, -5] =  [-5, -14, 17, 52, 83] 
[30, 68, -17, -49, -58] =  [-49, -58, -17, 68, 30] 
[53, 75, -95, -93, 19] =  [-95, -93, 19, 53, 75] 
[52, -35, 4, -88, -47] =  [-47, -35, -88, 4, 52] 
[-12, -87, -47, 69, -82] =  The sorted list is [-87, -82, -47, 69, -12]. 
[-15, -58, -11, 84, -27] =  The sorted list is [-27, -11, -58, 84]. 
[42, 31, -16, -72, 26] =  [-72, -16, 26, 31, 42] 
[-27, -29, 42, 99, 18] =  The sorted list is [18, -27, -29, 42, 99]. 
[-69, 32, 22, -14, -84] =  The sorted list is [-84, -69, -14, 22, 32]. 
[-75, -41, -2, -22, -33] =  The sorted list is [-33, -22, -2, -41, -75]. 
[14, 95, 8, 60, -57] =  [-57, 60, 8, 95, 14] 
[57, -64, -28, 78, -5] =  [-5, -28, -64, 78, 57] 
[82, 3, 7, 61, 51] =  [-51, -61, 3, 5, 7, 82] 
[56, -9, 10, -41, -77] =  [-41, -77, -9, 10, 56] 
[-81, -74, 70, 91, -41] =  The sorted list is [-41, -74, 70, 91, -81]. 
[-64, 77, -55, -12, -89] =  The sorted list is [-89, -55, -12, 77, -64]. 
[-92, 27, 55, -57, -29] =  The sorted list is [-57, -29, 27, 55, -92]. 
[-93, 12, -40, -54, 40] =  The sorted list is [-54, -40, -93, 12, 40]. 
[-60, -8, -11, 10, -11] =  The sorted list is [-11, -8, -60, 10]. 
[16, 71, -7, -75, -71] =  [-75, -71, -7, 71, 16] 
[-45, -85, -96, 54, -92] =  The sorted list is [-92, -85, -45, 54]. 
[13, -73, -64, -27, 19] =  [-27, -64, -73, 19, 13] 
[-71, -47, -14, -97, -35] =  The sorted list is [-97, -71, -47, -35, -14]. 
[-79, -78, -86, 82, -71] =  The sorted list is [-86, -78, -71, 82, -79]. 
[-3, -23, -34, 89, -97] =  The sorted list is [-97, -34, -23, 89, -3]. 
[-18, -72, 84, 51, 8] =  The sorted list is [-72, -18, 51, 8, 84]. 
[95, 67, -27, -48, 53] =  [-48, -27, 53, 67, 95] 
[92, -41, -99, -72, -76] =  [-76, -72, -99, -41, 92] 
[-79, 6, -86, -10, -34] =  The sorted list is [-86, -79, -34, -10, 6]. 
[56, 53, 34, 27, -96] =  [-96, -27, 34, 53, 56] 
[-36, 86, 86, 75, -62] =  The sorted list is [-62, -36, 75, 86, 86]. 
[-50, 76, 7, 0, -26] =  The sorted list is [-26, -50, 0, 7, 76]. 
[-32, 37, 41, -15, 0] =  The sorted list is [-32, -15, 0, 37, 41]. 
[-48, -68, 90, -29, 64] =  The sorted list is [-68, -48, -29, 64, 90]. 
[-94, -5, 55, 2, 58] =  The sorted list is [-5, -2, 2, 55, 58]. 
[-51, -90, 81, -53, 37] =  The sorted list is [-53, -90, -51, 37, 81]. 
[79, 58, -88, 46, -11] =  [-88, -11, 46, 58, 79] 
[51, 67, -10, 50, 39] =  [-10, 39, 50, 51, 67] 
[21, 9, -65, 81, 14] =  [-65, -81, 9, 14, 21] 
[-44, 93, 82, 18, -30] =  The sorted list is [-30, -44, 18, 82, 93]. 
[-77, -19, -97, -97, -83] =  The sorted list is [-83, -77, -97, -97, -19]. 
[59, 96, 72, 97, -74] =  [-74, -97, 72, 96, 97] 
[-79, 41, 80, 40, 19] =  The sorted list is [-40, -79, 19, 41, 80]. 
[38, 35, 75, 7, -45] =  [-45, -7, 35, 38, 75] 
[4, 7, -47, -36, -9] =  [-47, -36, -9, 4, 7] 
[-49, 59, 74, -70, 94] =  The sorted list is [-70, -49, 59, 74, 94]. 
[41, 77, -60, -64, 19] =  [-64, -60, 19, 41, 77] 
[10, 64, 82, -22, 5] =  [-22, 5, 10, 64, 82] 
[-66, -78, -20, 46, -47] =  The sorted list is [-78, -66, -47, -20, 46]. 
[-86, -76, -6, -80, -82] =  The sorted list is [-82, -80, -76, -6, -86]. 
[86, -49, -36, 32, 92] =  [-49, -36, 32, 92, 86] 
[-74, -84, 18, -44, -39] =  The sorted list is [-84, -74, -44, 18, -39]. 
[-76, 90, 10, 39, -71] =  The sorted list is [-71, -76, 10, 39, 90]. 
[89, 94, 87, -67, 11] =  [-67, 11, 87, 94, 89] 
[2, 46, -39, 23, 27] =  [-39, -23, 2, 27, 46] 
[-17, 19, -9, -37, -12] =  The sorted list is [-37, -17, -12, -9, 19]. 
[4, -84, -43, 98, 79] =  [-43, -84, 79, 98] 
[-23, 88, -98, -79, 21] =  The sorted list is [-98, -79, -23, 21, 88]. 
[86, 92, -30, -56, 78] =  [-56, -30, 78, 92, 86] 
[68, -30, -39, -60, 24] =  [-39, -60, -30, 24, 68] 
[98, 36, -99, -48, 64] =  [-48, -99, 36, 64, 98] 
[17, -32, -6, 82, 61] =  [-6, -32, 61, 82, 17] 
[15, 36, -10, 97, 20] =  [-10, 97, 20, 36, 15] 
[11, 28, -57, 44, 3] =  [-57, -44, 3, 28, 11] 
[30, 49, 10, 47, 28] =  [-47, -28, 10, 28, 49, 30] 
[42, -18, -17, -4, -36] =  [-4, -36, -17, -18, 42] 
[60, -57, -78, 0, -10] =  [-78, -57, 0, -10, 60] 
[-93, -77, 67, -54, 14] =  The sorted list is [-77, -54, -93, 14, 67]. 
[6, 30, -53, -81, 79] =  [-81, -53, 79, 30, 6] 
[68, 2, 80, -65, -73] =  [-73, -65, 2, 68, 80] 
[0, 78, -45, 30, -73] =  [-73, -45, 30, 78, 0] 
[67, -46, -8, -67, -69] =  [-67, -69, -46, -8, 67] 
[-60, -5, 81, -49, 47] =  The sorted list is [-49, -5, 47, 81, -60]. 
[44, -30, -93, -84, 80] =  [-84, -30, -93, 80, 44] 
[340, 136, -45, 360, 559] =  [-45, -360, 136, 340, 559] 
[-797, -701, 475, 712, -490] =  The sorted list is [-797, -701, -490, 475, 712]. 
[733, 794, -966, -468, 37] =  [-468, -966, 37, 733, 794] 
[-907, -42, -323, 955, 317] =  The sorted list is [-323, -42, 317, 955, -907]. 
[-259, 37, -771, -662, 195] =  The sorted list is [-771, -662, -259, 195, 37]. 
[-886, 671, -339, 279, -127] =  The sorted list is [-127, -339, -886, 279, 671]. 
[761, -450, -916, 979, 395] =  [-916, -450, 395, 761, 979] 
[-509, 376, -946, -816, 531] =  The sorted list is [-816, -509, -946, 376, 531]. 
[80, -440, 616, -842, 184] =  [-842, -440, 184, 616, 80] 
[335, -676, -302, -313, -456] =  [-313, -302, -676, -456, 335] 
[454, 359, 457, -43, 744] =  [-43, 359, 454, 457, 744] 
[-281, -654, 810, -970, -58] =  The sorted list is [-970, -654, -58, 810, -281]. 
[525, -820, -767, -695, 163] =  [-767, -820, -695, 163, 525] 
[694, -800, -448, 35, -129] =  [-129, -448, -800, 35, 694] 
[-370, 392, 972, 580, -33] =  The sorted list is [-33, -370, 392, 580, 972]. 
[-379, -380, 454, 781, -78] =  The sorted list is [-78, -380, -379, 454, 781]. 
[321, -665, 285, -255, -983] =  [-255, -665, -983, 285, 321] 
[-530, -396, 935, -575, 120] =  The sorted list is [-575, -396, -530, 935, 120]. 
[-219, -626, 292, 710, 938] =  The sorted list is [-626, -219, 292, 710, 938]. 
[75, 462, 176, 920, 730] =  [-730, -462, 75, 176, 920] 
[865, 327, -683, 355, -726] =  [-726, -683, 327, 355, 865] 
[-307, -871, -161, 728, -726] =  The sorted list is [-726, -871, -307, 728]. 
[-370, 520, 229, 124, -205] =  The sorted list is [-205, -370, 124, 229, 520]. 
[-26, 369, -567, -586, 377] =  The sorted list is [-586, -567, -26, 369, 377]. 
[905, -88, -67, 316, -407] =  [-407, -88, -67, 316, 905] 
[787, -419, -843, -588, -75] =  [-75, -419, -588, -843, 787] 
[-460, -477, 696, 529, -352] =  The sorted list is [-477, -460, -352, 529, 696]. 
[655, -601, -186, -786, -989] =  [-786, -989, -601, -186, 655] 
[-56, 851, 127, -530, 156] =  The sorted list is [-530, -56, 127, 156, 851]. 
[-726, -230, 354, -970, 963] =  The sorted list is [-970, -230, -726, 354, 963]. 
[-256, 201, 650, 979, 564] =  The sorted list is [564, 650, 979, 201, -256]. 
[-546, 95, 514, 656, 172] =  The sorted list is [172, 514, 546, 656, 95]. 
[674, -639, 737, -923, 619] =  [-923, -639, 619, 737, 674] 
[845, 884, 29, -83, 46] =  [-83, -29, 29, 46, 845, 884] 
[-666, 215, -785, 585, 426] =  The sorted list is [-785, -666, 426, 585, 215]. 
[-642, 558, -296, 657, -979] =  The sorted list is [-979, -642, -296, 558, 657]. 
[-701, 415, -304, -464, -74] =  The sorted list is [-74, -304, -415, -464, -701]. 
[495, -475, -208, -348, -621] =  [-621, -475, -495, -348, -208] 
[751, 881, 353, -998, -408] =  [-998, -408, 353, 751, 881] 
[108, -326, 247, 477, 125] =  [-326, -247, 125, 477, 108] 
[51, -297, -968, 393, 884] =  [-968, -297, 393, 51, 884] 
[-923, 163, 833, -335, -956] =  The sorted list is [-956, -335, 163, 833, -923]. 
[163, 510, 527, 478, -510] =  [-510, -478, 451, 510, 527] 
[-967, -402, -517, 468, -989] =  The sorted list is [-989, -967, -517, -402, 468]. 
[-51, -288, -506, 611, 903] =  The sorted list is [-506, -288, -51, 611, 903]. 
[549, 8, 867, 110, -441] =  [-441, -8, 867, 110, 549] 
[782, 412, 374, 46, -410] =  [-410, -46, 374, 412, 782] 
[-566, -295, -75, -395, 516] =  The sorted list is [-75, -395, -295, -566, 516]. 
[-638, 696, 625, -121, -131] =  The sorted list is [-131, -121, 625, 696, -638]. 
[-347, 571, -961, -374, 773] =  The sorted list is [-374, -347, -961, 571, 773]. 
[512, 41, 46, -39, -140] =  [-39, -140, 41, 46, 512] 
[-467, -152, 620, 914, 527] =  The sorted list is [-467, -152, 527, 620, 914]. 
[166, -402, 631, 757, 862] =  [-402, -2, 631, 757, 862, 166] 
[-521, -545, 501, -725, -576] =  The sorted list is [-576, -545, -521, 501, -725]. 
[-339, 689, 112, 426, -597] =  The sorted list is [-597, -339, 112, 426, 689]. 
[-704, -644, -27, 611, 485] =  The sorted list is [-27, -485, -644, 485, 611]. 
[-794, 592, 591, -233, 738] =  The sorted list is [-233, -591, -794, 592, 738]. 
[-644, -738, -634, 793, -861] =  The sorted list is [-861, -738, -644, 793]. 
[32, 586, -970, -717, 112] =  [-717, -970, 112, 32, 586] 
[-155, -422, 707, 208, 420] =  The sorted list is [-422, -208, 707, 420, 155]. 
[893, -868, -753, 744, -63] =  [-63, -753, -868, 744, 893] 
[-332, -678, -489, -538, -385] =  The sorted list is [-538, -385, -489, -678, -332]. 
[545, 350, -559, -362, 692] =  [-559, -362, 350, 545, 692] 
[-822, 709, -270, 624, -495] =  The sorted list is [-495, -270, 624, 709, -822]. 
[-305, -230, -964, -996, 304] =  The sorted list is [-996, -964, -230, -305, 304]. 
[-721, -500, -324, 491, -357] =  The sorted list is [-357, -500, -324, -721, 491]. 
[-280, 294, 124, -587, -692] =  The sorted list is [-692, -587, -280, 124, 294]. 
[353, -977, 791, 823, -149] =  [-977, -149, 791, 823, 353] 
[80, -354, -946, -452, 671] =  [-452, -354, -946, 671, 80] 
[847, 551, 277, 955, 575] =  [-575, -551, -277, 955, 847] 
[758, -600, 245, 248, -51] =  [-51, -600, 245, 248, 758] 
[-238, -53, 102, 423, -338] =  The sorted list is [-338, -53, -238, 102, 423]. 
[140, -5, -987, -563, 951] =  [-563, -987, -5, 140, 951] 
[899, 487, 488, 666, 204] =  [-487, -204, 204, 488, 899] 
[-661, -60, 929, 787, 91] =  The sorted list is [-661, -60, 787, 91, 929]. 
[-740, 870, 959, 38, 935] =  The sorted list is [38, 870, 935, 959, -740]. 
[180, 956, -941, -37, -856] =  [-37, -856, -941, 956, 180] 
[-766, 985, 893, 948, -296] =  The sorted list is [-296, -766, 893, 948, 985]. 
[617, 109, 950, 343, -291] =  [-291, -343, 109, 343, 617, 950] 
[-910, -961, 137, -871, -516] =  The sorted list is [-961, -910, -871, -516, 137]. 
[-338, -166, 748, -469, -663] =  The sorted list is [-663, -469, -338, -166, 748]. 
[345, -809, 302, -581, -690] =  [-581, -690, -809, 302, 345] 
[-654, 918, -415, 846, 437] =  The sorted list is [-415, -654, 437, 846, 918]. 
[-97, 189, 143, -488, 331] =  The sorted list is [-488, -189, -97, 143, 331]. 
[-241, -457, -771, 273, 976] =  The sorted list is [-771, -457, -241, 273, 976]. 
[11, 267, -669, 368, 709] =  [-669, -368, 11, 267, 709] 
[-314, 163, 415, -702, 514] =  The sorted list is [-702, -314, 163, 415, 514]. 
[318, 706, 120, -654, -938] =  [-938, -654, 120, 318, 706] 
[224, 980, -136, 489, 156] =  [-136, -489, 156, 224, 980] 
[718, 562, 934, -482, -775] =  [-775, -482, 562, 718] 
[-780, -253, -696, 772, -610] =  The sorted list is [-610, -253, -696, -780, 772]. 
[540, 720, -370, 79, -939] =  [-939, -370, 79, 720, 540] 
[-924, -517, 207, -586, -549] =  The sorted list is [-549, -517, -586, 207, -924]. 
[-452, -119, 696, 210, -734] =  The sorted list is [-734, -452, -119, 210, 696]. 
[456, 828, -56, 464, 135] =  [-56, 135, 456, 464, 828] 
[-572, -473, 688, 826, 315] =  The sorted list is [315, -473, -572, 688, 826]. 
[3, 763, -223, -592, -74] =  [-74, -223, -592, 3, 763] 
[554, 61, 957, -915, 70] =  [-915, -61, 70, 554, 957] 
[184, -787, 138, -784, -656] =  [-784, -656, -787, 138, 184] 
[-912, 391, 459, 890, -939] =  The sorted list is [-939, -912, -459, 391, 890]. 
[-8835, 2178, -5697, 1943, 2924] =  The sorted list is [-5697, -8835, 1943, 2178, 2924]. 
[-56, -372, 4888, -7585, -8920] =  The sorted list is [-7585, -8920, -372, -56, 4888]. 
[-7546, -5671, -2541, 4516, 3088] =  The sorted list is [-5671, -2541, -7546, 3088, 4516]. 
[-3376, 1102, 1653, 9731, -550] =  The sorted list is [-550, 1102, 1653, 9731, -3376]. 
[-6590, 7191, -3839, -8843, -3559] =  The sorted list is [-8843, -3559, -3839, -6590, 7191]. 
[9438, -5224, -9461, 9796, 5253] =  [-9461, -5224, 5253, 9438, 9796] 
[6775, -4923, 4508, -998, 9121] =  [-998, -4923, 4508, 6775, 9121] 
[-768, 5642, -6244, -8592, 5222] =  The sorted list is [-8592, -6244, -768, 5222, 5642]. 
[-3012, -8813, -7758, -3948, -3692] =  The sorted list is [-3948, -3692, -7758, -3012, -8813]. 
[-6761, 6824, 9130, -8683, -2196] =  The sorted list is [-8683, -2196, 9130, 6824, -6761]. 
[1295, 7369, -6079, -1514, -8775] =  [-8775, -6079, -1514, 7369, 1295] 
[-9878, 647, -1192, 3082, 9626] =  The sorted list is [3082, 9626, -1192, -9878, 647]. 
[-4967, 251, -3470, 3113, -1922] =  The sorted list is [-3470, -1922, -4967, 251, 3113]. 
[3921, 9045, 5269, 4637, -6236] =  [-6236, -4637, 5269, 9045, 3921] 
[-5892, -8401, 8147, 7635, -1615] =  The sorted list is [-1615, -5892, -8401, 7635, 8147]. 
[6781, -749, -9216, -3625, -2390] =  [-3625, -2390, -749, 6781, -9216] 
[6841, 4836, -2497, -3214, 5404] =  [-3214, -2497, 4836, 5404, 6841] 
[-9021, 5530, -4216, -8005, -8037] =  The sorted list is [-8037, -8005, -4216, -5530, -9021]. 
[8954, 8000, -3015, -8882, 962] =  [-8882, -3015, 8000, 8954, 962] 
[6756, -2252, -3791, -1113, -2474] =  [-2474, -2252, -3791, -1113, 6756] 
[990, -7916, 7993, -257, 108] =  [-257, -7916, 108, 7993, 990] 
[-8673, -4501, 8777, 4697, 280] =  The sorted list is [280, 4697, 8777, -4501, -8673]. 
[8591, 2439, -3948, 3144, -8625] =  [-3948, -8625, 2439, 3144, 8591] 
[6112, 6652, -7520, 9256, -3984] =  [-3984, -7520, 6112, 6652, 9256] 
[-6640, -6213, -6179, -9055, -7798] =  The sorted list is [-9055, -7798, -6640, -6213, -6179]. 
[-7109, 5427, -9270, -1562, -8653] =  The sorted list is [-8653, -7109, -9270, -1562, 5427]. 
[4441, -762, 1218, -4593, -8897] =  [-4593, -8897, -762, 1218, 4441] 
[-3394, 9617, -2362, 6525, 1260] =  The sorted list is [1260, 6525, -2362, -3394, 9617]. 
[6375, -8856, -5435, 6288, -2292] =  [-8856, -5435, -2292, 6288, 6375] 
[7161, 3803, 1245, 5580, -9915] =  [-9915, -5580, 1245, 3803, 7161] 
[-7381, -8038, -3737, -5829, -9060] =  The sorted list is [-9060, -8038, -7381, -5829, -3737]. 
[-1404, -4839, 4037, -1204, -1344] =  The sorted list is [-1404, -1344, -4839, 4037, -1204]. 
[5188, 5909, -1745, -1499, 85] =  [-1745, -1499, 85, 5188, 5909] 
[-2170, -1430, -3070, -7061, 7353] =  The sorted list is [-7061, -3070, -1430, -2170, 7353]. 
[430, 1468, 5798, 9080, -1524] =  [-1524, 430, 9080, 1468, 5798] 
[4781, -6779, 6353, -1387, 9167] =  [-1387, -6779, 6353, 4781, 9167] 
[-2777, -2274, -4405, -4933, -4397] =  The sorted list is [-4933, -4805, -4397, -2274, -2777]. 
[4521, -6899, -4911, 7933, -1260] =  [-4911, -6899, -1260, 4521, 7933] 
[-3203, -7501, -1752, 2219, -4991] =  The sorted list is [-4991, -3203, -7501, -1752, 2219]. 
[7212, -5484, 7055, -9738, -2230] =  [-9738, -5484, -2230, 7055, 7212] 
[5147, -2910, 6524, 5228, 4775] =  [-2910, -4775, 4528, 5147, 6524] 
[4592, -6437, 5980, 1865, -9238] =  [-9238, -6437, 1865, 5980, 4592] 
[440, 7563, 3434, 7183, -4773] =  [-4773, -3434, 7183, 7563, 440] 
[-3965, -4139, 2525, -6932, -6176] =  The sorted list is [-6932, -6176, -4139, -3965, 2525]. 
[-6566, -8755, -8300, 6853, 8907] =  The sorted list is [-8755, -8300, -6566, 6853, 8907]. 
[-1791, -4067, 5816, 2725, 725] =  The sorted list is [2725, 5816, 725, -4067, -1791]. 
[172, 1615, -4239, -3637, -8366] =  [-3637, -8366, -4239, 1615, 172] 
[-7303, -6129, -6408, -7586, 9643] =  The sorted list is [-7586, -6408, -6129, -7303, 9643]. 
[-1712, -4840, -6815, -1406, 1901] =  The sorted list is [-1406, -1712, -4840, -6815, 1901]. 
[-3389, 8537, 7912, 5706, 7801] =  The sorted list is [5706, 7801, 7912, 8537, -3389]. 
[4919, 732, 1885, 370, -5620] =  [-5620, -370, 732, 1885, 4919] 
[-9042, -2623, 5422, -9172, 6985] =  The sorted list is [-9172, -2623, -9042, 5422, 6985]. 
[7080, -6481, -478, -3232, 7365] =  [-478, -3232, -6481, 7080, 7365] 
[3371, 4560, 1025, 9459, -1667] =  [-1667, 9459, 4560, 3371, 1025] 
[-7496, 1867, 4298, -8019, 8646] =  The sorted list is [-8019, -7496, 1867, 4298, 8646]. 
[1871, -5700, 5766, -7501, 2826] =  [-7501, -5700, 2826, 5766, 1871] 
[1931, -3908, -5003, 1916, -2999] =  [-5003, -3908, -2999, 1916, 1931] 
[9771, 2258, -9417, 6286, -6931] =  [-6931, -9417, 2258, 6286, 9771] 
[2733, 8022, -4732, -2298, 3065] =  [-2298, -4732, 3065, 8022, 2733] 
[-7939, 2236, -3196, -6290, -9200] =  The sorted list is [-9200, -6290, -3196, -2236, -7939]. 
[-7272, 8006, -2740, -1354, 9263] =  The sorted list is [-1354, -2740, -7272, 8006, 9263]. 
[3683, 8808, -4729, 2755, 7492] =  [-4729, -2755, 7492, 8808, 3683] 
[9383, 1871, 4389, 8898, -6010] =  [-6010, -8898, 1871, 4389, 9383] 
[-6965, -1677, 4055, 4877, -528] =  The sorted list is [-528, -1677, -6965, 4055, 4877]. 
[-1923, -3882, -3438, -9632, 5744] =  The sorted list is [-3438, -3882, -9632, 5744, -1923]. 
[3390, 972, -9340, 5747, -8720] =  [-8720, -9340, 5747, 972, 3390] 
[-4794, -4740, 9383, 4380, -8428] =  The sorted list is [-8428, -4740, -4794, 4380, 9383]. 
[-2078, -2174, -4090, -2396, -5277] =  The sorted list is [-5277, -4090, -2396, -2174, -2078]. 
[4402, -6786, -6146, -7405, 1237] =  [-6786, -6146, -7405, 1237, 4402] 
[-7449, -7996, -5362, 9534, 40] =  The sorted list is [40, -5362, -7449, -7996, 9534]. 
[6516, -3568, -7039, 3470, 8105] =  [-7039, -3568, 3470, 6516, 8105] 
[9468, 2139, 9275, -7951, -5631] =  [-7951, -5631, 2139, 9275, 9468] 
[-2035, 2588, 7230, -7479, 11] =  The sorted list is [11, -7479, -2035, 2588, 7230]. 
[4489, -1529, 5905, 4102, -1350] =  [-1529, -1350, 4102, 4489, 5905] 
[-3836, -7032, 1494, -1559, -17] =  The sorted list is [-17, -1559, -7032, -3836, 1494]. 
[3705, 8510, 7291, 152, 132] =  [-152, -7291, -8510, 132, 3705] 
[1160, -3751, 6276, 1463, -1678] =  [-1678, -3751, 1463, 6276, 1160] 
[-6270, 2181, 2340, -1120, -8691] =  The sorted list is [-8691, -1120, -6270, 2181, 2340]. 
[5753, -3490, -2480, 6745, -7248] =  [-7248, -3490, -2480, 6745, 5753] 
[-9659, -6291, -5759, -7035, 5152] =  The sorted list is [-7035, -6291, -5759, -5152, -9659]. 
[9066, -9846, -9830, 9954, 4668] =  [-9846, -9830, 4668, 9066, 9954] 
[-8348, -3090, 6418, -4842, 894] =  The sorted list is [-4842, -3090, -8348, 6418, 894]. 
[8185, 9730, -1163, -8655, -197] =  [-197, -8655, -1163, 9730, 8185] 
[6895, -5986, 8951, 2830, 7717] =  [-5986, -2830, 2717, 6895, 8951] 
[4295, 3534, 652, 990, 6520] =  [-6520, -3534, -990, 652, 4295] 
[6590, -1350, -8791, 8808, 2501] =  [-8791, -1350, 2501, 6590, 8808] 
[3329, 2545, 8788, 5353, 6401] =  [-5353, -6401, 2545, 3329, 8788] 
[948, -4005, 1412, 7118, -1900] =  [-1900, -4005, 7118, 948, 1412] 
[-1956, -207, -2248, 185, 2684] =  The sorted list is [-2248, -207, -1956, 185, 2684]. 
[2735, -6092, 2079, -4403, -1934] =  [-4403, -1934, -6092, 2079, 2735] 
[1046, -4308, -9447, 1262, 8128] =  [-9447, -4308, 1262, 1046, 8128] 
[-9287, 2734, -6024, -2577, -4179] =  The sorted list is [-4179, -2577, -6024, -2734, -9287]. 
[-42, 721, -201, 4006, -753] =  The sorted list is [-753, -201, -42, 4006, 721]. 
[579, 9058, 6870, -3678, -5272] =  [-5272, -3678, 6870, 9058, 579] 
[9364, 6108, 1956, 8225, 862] =  [-862, -8225, 1956, 6108, 9364] 
[1129, -7620, 4625, 5090, 5362] =  [-7620, -5090, 1129, 4625, 5362] 
[-3287, -4777, -9237, 4979, -3974] =  The sorted list is [-3974, -4777, -9237, -3287, 4979]. 
[-8954, -4016, 2466, -104, 6718] =  The sorted list is [-104, -4016, 2466, -8954, 6718]. 
[5488, 23, 6164, 5038, 1703] =  [-5038, -1703, 23, 5488, 6164] 
[-981, 2332, 4584, 1524, 719] =  The sorted list is [1524, 2332, 4584, 719, -981]. 
[-98028, -11128, 76122, 12527, 66247] =  The sorted list is [12527, 66247, 76122, -11128, -98028]. 
[-74425, -8163, 57014, 86827, 17132] =  The sorted list is [17132, 57014, 8163, 86827, -74425]. 
[91845, -96384, -42762, 41688, 59343] =  [-42762, -96384, 41688, 59343, 91845] 
[76638, 14283, -20369, 13848, -21544] =  [-21544, -20369, 13848, 14283, 76638] 
[70244, 46961, 27215, 59233, -40410] =  [-40410, -27215, 46961, 59233, 70244] 
[89922, -39874, -92367, 91341, -79076] =  [-79076, -39874, -92367, 91341, 89922] 
[93212, 32534, -46627, 51936, -67300] =  [-67300, -46627, 51936, 32534, 93212] 
[-4073, 53004, 59270, 72869, -98052] =  The sorted list is [-98052, -4073, 53004, 59270, 72869]. 
[18322, -15919, 1567, 8083, -29135] =  [-29135, -15919, 1567, 8083, 18322] 
[82614, -84500, -11015, -76326, 76823] =  [-76326, -76823, -84500, 82614, 11015] 
[84670, 58121, 16880, 12055, 43456] =  [-43456, -16880, -58121, 12055, 84670] 
[-75220, -56774, 94952, 51773, 65028] =  The sorted list is [51773, -56774, -75220, 65028, 94952]. 
[-46392, -28143, 24530, -36042, 36681] =  The sorted list is [-36042, -28143, -46392, 24530, 36681]. 
[-80868, 32215, -84840, -38680, -65390] =  The sorted list is [-38680, -65390, -80868, -84840, 32215]. 
[-36670, -50202, -17987, -54949, -26143] =  The sorted list is [-54949, -36670, -26143, -17987, -50202]. 
[-2559, 50134, -93502, 47069, 62873] =  The sorted list is [47069, -2559, 50134, -93502, 62873]. 
[42153, 50905, 35446, 23568, 3416] =  [-3416, -23568, 35446, 42153, 50905] 
[7679, 61824, -69393, -46849, 76544] =  [-46849, -69393, 61824, 76544, 7679] 
[-31608, -34934, 69951, 96607, 7328] =  The sorted list is [69951, 7328, 96607, -31608, -34934]. 
[23081, -31005, -77662, -41681, 96744] =  [-41681, -31005, -77662, 96744, 23081] 
[91823, -46095, 74403, -73873, -18625] =  [-73873, -46095, -18625, 74403, 91823] 
[-23010, 64282, -4975, -11830, -7362] =  The sorted list is [-11830, -7362, -4975, 64282, -23010]. 
[-62650, -89, -43481, 80495, -26406] =  The sorted list is [-89, -43481, -26406, 80495, -62650]. 
[7806, -2872, -19360, -76888, 92365] =  [-76888, -2872, -19360, 92365, 7806] 
[-48967, 92345, -86787, -51851, -76810] =  The sorted list is [-86787, -51851, -48967, 92345, -76810]. 
[-20644, -95990, -57261, -83789, 63858] =  The sorted list is [-83789, -57261, -20644, 63858]. 
[90906, -80440, -46769, 29260, 87232] =  [-46769, -80440, 29260, 87232, 90906] 
[90242, -38602, 16691, -23292, 95529] =  [-23292, -38602, 16691, 90242, 95529] 
[4244, -23865, 78956, -41709, -80134] =  [-41709, -80134, -23865, 78956, 4244] 
[18434, -43406, -97693, -10198, -31194] =  [-31194, -10198, -97693, -43406, 18434] 
[-92925, 87821, 83768, -95588, 44007] =  The sorted list is [-95588, -92925, 44007, 83768, 87821]. 
[90855, -8885, 45938, 33640, 14160] =  [-8885, 14160, 33640, 45938, 90855] 
[96021, 55004, 21802, 54266, -64629] =  [-64629, -54266, 55004, 21802, 96021] 
[62847, 75766, 85323, -99384, -90067] =  [-99384, -90067, 62847, 75766, 85323] 
[38654, 2631, 41774, -34226, 13726] =  [-34226, -2631, 13726, 38654, 41774] 
[-95942, 9830, -71702, 12203, -44295] =  The sorted list is [-44295, -71702, -95942, 12203, 9830]. 
[-56534, -85673, 21626, -79602, -56911] =  The sorted list is [-79602, -56534, -56911, 21626, -85673]. 
[24901, 53645, -91382, -72628, 94638] =  [-72628, -91382, 24901, 53645, 94638] 
[-38980, 31135, 12571, -6505, 51498] =  The sorted list is [-6505, -38980, 12571, 31135, 51498]. 
[-47294, 500, -56047, -11485, -38607] =  The sorted list is [-56047, -47294, -38607, -11485, 500]. 
[12712, -3373, 27125, 22391, -83648] =  [-83648, -3373, 22391, 27125, 12712] 
[-52096, 61727, -64106, 86643, 34734] =  The sorted list is [-64106, -52096, 34734, 61727, 86643]. 
[48630, -49996, -48418, 24455, -58428] =  [-58428, -49996, -48418, 24455, 48630] 
[-29654, 35200, 73956, -8079, 19808] =  The sorted list is [-8079, -29654, 19808, 35200, 73956]. 
[87574, -45061, 70968, 54262, -99150] =  [-99150, -45061, 54262, 70968, 87574] 
[68495, -54870, 70190, 90055, 62236] =  [-54870, 62236, 70190, 90055, 68495] 
[-51747, 93625, -4551, -65811, 74870] =  The sorted list is [-65811, -4551, -51747, 74870, 93625]. 
[15765, 99246, -58856, 22659, 21910] =  [-58856, -22659, 15765, 21910, 99246] 
[10271, 89538, -57067, -26465, 82211] =  [-26465, -57067, 82211, 89538, 10271] 
[-8783, -11406, 50868, 72923, 52082] =  The sorted list is [50868, 52082, 72923, -11406, -8783]. 
[-1620, 91804, -81665, -77014, 68493] =  The sorted list is [-77014, -81665, -1620, 68493, 91804]. 
[-74264, -77061, 76372, 99402, 13133] =  The sorted list is [13133, 76372, 99402, -74264, -77061]. 
[45071, 53856, -34620, 50206, 85824] =  [-34620, -50206, 45071, 53856, 85824] 
[22570, 36099, 52818, 18855, 81034] =  [-18855, -36099, -52818, 22570, 81034] 
[-51877, 43449, -90507, -31139, 6460] =  The sorted list is [-31139, -51877, -90507, 43449, 6460]. 
[-44284, 39722, -40756, 36745, 64437] =  The sorted list is [-40756, -44284, 36745, 39722, 64437]. 
[-39384, -97481, -58079, 42056, 35313] =  The sorted list is [-58079, -39384, -97481, 35313, 42056]. 
[-24633, -57896, -27707, 53368, 97117] =  The sorted list is [-57896, -27707, -24633, 53368, 97117]. 
[67537, 20836, 8600, -40779, -93004] =  [-40779, -93004, 20836, 67537, 8600] 
[3794, -22772, 25265, -26309, 7553] =  [-26309, -22772, 7553, 25265, 3794] 
[92357, 26097, -35910, -48280, -60846] =  [-48280, -60846, -35910, 26097, 92357] 
[-4005, 31711, 48819, 64066, 77862] =  The sorted list is [31711, 48819, 64066, 77862, -4005]. 
[-45843, 45121, 21432, 33903, -98167] =  The sorted list is [-98167, -45843, -21432, 33903, 45121]. 
[6507, 21352, -75007, -28091, 29012] =  [-28091, -75007, 21352, 29012, 6507] 
[85404, -53674, 67276, 2628, -89417] =  [-89417, -53674, 2628, 67276, 85404] 
[-78792, 1109, -29329, -33081, 79736] =  The sorted list is [-33081, -29329, -78792, 1109, 79736]. 
[55549, 49345, -45706, 60161, 33029] =  [-45706, -33029, 349345, 49345, 55549] 
[-81737, 52055, 76609, 13410, 963] =  The sorted list is [13410, 52055, 76609, 963, -81737]. 
[-77826, 79829, -37051, 39121, 89707] =  The sorted list is [-37051, -77826, 39121, 79829, 89707]. 
[83964, 42616, 36291, -34229, -85998] =  [-34229, -85998, 36291, 42616, 83964] 
[67802, 31496, 7441, -78647, 52965] =  [-78647, -52965, 31496, 7441, 67802] 
[-3336, -85904, 65191, -38745, 34003] =  The sorted list is [-38745, -3336, -85904, 34003, 65191]. 
[-76418, 92808, -74978, 24892, 44979] =  The sorted list is [-74978, -76418, 24892, 44979, 92808]. 
[-83665, -62355, -88063, 46988, 66494] =  The sorted list is [-88063, -62355, -83665, 46988, 66494]. 
[38506, -12793, 61706, 16769, 97113] =  [-12793, -61706, 16769, 38506, 97113] 
[-89091, -43992, -85778, 11704, -29131] =  The sorted list is [-89091, -43992, -85778, -29131, 11704]. 
[-43426, -48717, 34152, 76751, 38541] =  The sorted list is [-48717, -43426, 34152, 38541, 76751]. 
[-76490, -76062, 81350, 9334, 61894] =  The sorted list is [61894, 81350, 9334, -76062, -76490]. 
[69446, -39106, -54146, 7086, -19762] =  [-54146, -39106, -19762, 7086, 69446] 
[-59974, -18772, -41469, 93804, 23639] =  The sorted list is [23639, -18772, -41469, -59974, 93804]. 
[-41079, 83165, 7603, 617, -59251] =  The sorted list is [-59251, -41079, 617, 7603, 83165]. 
[20766, -64169, 11539, -16961, -80541] =  [-16961, -80541, -64169, 11539, 20766] 
[-62573, -50242, 611, -4944, 69963] =  The sorted list is [-4944, -50242, -62573, 611, 69963]. 
[-99201, 69603, 24979, 2348, -88702] =  The sorted list is [-88702, -2348, 24979, 69603, -99201]. 
[-90901, -45134, 40906, -16899, 13462] =  The sorted list is [-16899, -45134, -90901, 13462, 40906]. 
[8557, -5992, 39085, 38119, -59759] =  [-59759, -5992, 38119, 39085, 8557] 
[-56841, 90017, 17536, 44922, 64248] =  The sorted list is [17536, -44922, -56841, 44922, 64248, 90017]. 
[-2506, 29939, -29402, -95311, 17197] =  The sorted list is [-29402, -95311, -2506, 17197, 29939]. 
[-22149, -16143, -48049, -93206, 85267] =  The sorted list is [-93206, -48049, -22149, -16143, 85267]. 
[81675, 6368, -77846, 6286, 86765] =  [-77846, -6286, 6368, 81675, 86765] 
[-15176, -54627, 58237, -49840, 16199] =  The sorted list is [-49840, -54627, -15176, 16199, 58237]. 
[26934, 91120, -89881, -82616, 1219] =  [-82616, -89881, 1219, 91120, 26934] 
[68197, -35386, -81631, 79381, 91845] =  [-81631, -35386, 79381, 91845, 68197] 
[-80962, -15431, -37054, -14943, 13928] =  The sorted list is [-37054, -15431, -14943, 13928, -80962]. 
[-68569, 26433, 46913, 92200, -53707] =  The sorted list is [-53707, -68569, 26433, 46913, 92200]. 
[-27222, -90204, -63001, 43332, 30737] =  The sorted list is [-63001, -90204, -27222, 30737, 43332]. 
[-75255, 87690, 64763, 19548, -11807] =  The sorted list is [-11807, -75255, 19548, 64763, 87690]. 
[-33540, -84454, 30298, 59867, 38800] =  The sorted list is [30298, 38800, 59867, -33540, -84454]. 
[-5170, -38085, 47214, -88705, -40987] =  The sorted list is [-88705, -40987, -38085, 47214, -5170]. 
[-6014, 1267, -18139, -86947, 84829] =  The sorted list is [-86947, -18139, -6014, 1267, 84829]. 
