[2, 1, 3] = 3
[4, 4, 8] = 8
[2, 9, 11] = 11
[7, 1, 8] = 8
[2, 4, 6] = 6
[9, 1, 10] = 10
[4, 9, 13] = 13
[4, 8, 12] = 12
[5, 1, 6] = 6
[7, 6, 13] = 13
[3, 4, 7] = 7
[2, 2, 4] = 4
[2, 6, 8] = 8
[5, 1, 6] = 6
[9, 2, 11] = 11
[2, 9, 11] = 11
[6, 4, 10] = 10
[1, 4, 5] = 5
[2, 4, 6] = 6
[7, 5, 12] = 12
[6, 3, 9] = 9
[6, 4, 10] = 10
[2, 3, 5] = 5
[4, 3, 7] = 7
[7, 5, 12] = 12
[4, 6, 10] = 10
[4, 1, 5] = 5
[7, 5, 12] = 12
[4, 6, 10] = 10
[8, 7, 15] = 15
[3, 5, 8] = 8
[4, 9, 13] = 13
[5, 7, 12] = 12
[7, 6, 13] = 13
[3, 9, 12] = 12
[2, 1, 3] = 3
[3, 3, 6] = 6
[2, 7, 9] = 9
[8, 9, 17] = 17
[9, 1, 10] = 10
[9, 5, 14] = 14
[2, 5, 7] = 7
[3, 8, 11] = 11
[5, 9, 14] = 14
[9, 2, 11] = 11
[9, 4, 13] = 13
[6, 3, 9] = 9
[9, 1, 10] = 10
[6, 8, 14] = 14
[2, 6, 8] = 8
[4, 1, 5] = 5
[2, 2, 4] = 4
[2, 9, 11] = 11
[3, 8, 11] = 11
[3, 5, 8] = 8
[7, 4, 11] = 11
[4, 5, 9] = 9
[6, 8, 14] = 14
[8, 2, 10] = 10
[4, 2, 6] = 6
[1, 9, 10] = 10
[4, 1, 5] = 5
[1, 4, 5] = 5
[1, 6, 7] = 7
[9, 4, 13] = 13
[8, 4, 12] = 12
[3, 8, 11] = 11
[8, 7, 15] = 15
[2, 2, 4] = 4
[6, 7, 13] = 13
[8, 1, 9] = 9
[1, 7, 8] = 8
[2, 4, 6] = 6
[4, 9, 13] = 13
[3, 7, 10] = 10
[5, 8, 13] = 13
[2, 8, 10] = 10
[2, 1, 3] = 3
[1, 2, 3] = 3
[3, 7, 10] = 10
[8, 4, 12] = 12
[1, 3, 4] = 4
[1, 7, 8] = 8
[8, 5, 13] = 13
[9, 8, 17] = 17
[4, 5, 9] = 9
[1, 9, 10] = 10
[6, 1, 7] = 7
[8, 9, 17] = 17
[3, 1, 4] = 4
[2, 3, 5] = 5
[2, 4, 6] = 6
[2, 4, 6] = 6
[1, 2, 3] = 3
[9, 6, 15] = 15
[4, 6, 10] = 10
[5, 7, 12] = 12
[5, 8, 13] = 13
[2, 1, 3] = 3
[2, 2, 4] = 4
[4, -9, -5] = 5
[3, -6, -3] = 9
[4, -6, -2] = 8
[3, -8, -5] = 5
[5, -9, -4] = 0
[9, -5, 4] = 4
[3, -5, -2] = 8
[2, -9, -7] = -7
[5, -5, 0] = 0
[4, -6, -2] = 0
[5, -9, -4] = 0
[5, -1, 4] = 4
[7, -5, 2] = 2
[1, -6, -5] = -5
[5, -3, 2] = 2
[9, -7, 2] = 2
[1, -2, -1] = 3
[3, -9, -6] = 4
[6, -9, -3] = 7
[7, -3, 4] = 4
[5, -6, -1] = 9
[6, -4, 2] = 2
[2, -6, -4] = -4
[7, -3, 4] = 4
[3, -3, 0] = 0
[1, -3, -2] = 2
[7, -4, 3] = 3
[3, -2, 1] = 1
[1, -8, -7] = -7
[4, -8, -4] = 6
[5, -4, 1] = 1
[1, -4, -3] = 3
[6, -5, 1] = 1
[5, -6, -1] = 9
[7, -9, -2] = 8
[1, -2, -1] = 0
[3, -5, -2] = 8
[2, -7, -5] = -5
[6, -7, -1] = 9
[9, -2, 7] = 7
[4, -5, -1] = 9
[7, -1, 6] = 6
[9, -4, 5] = 5
[7, -2, 5] = 5
[6, -2, 4] = 4
[9, -5, 4] = 4
[6, -7, -1] = 9
[9, -3, 6] = 6
[7, -7, 0] = 0
[5, -7, -2] = 8
[1, -5, -4] = 4
[4, -7, -3] = 1
[6, -8, -2] = 0
[8, -4, 4] = 4
[8, -3, 5] = 5
[5, -9, -4] = -4
[6, -2, 4] = 4
[5, -4, 1] = 1
[3, -1, 2] = 2
[4, -8, -4] = 6
[2, -8, -6] = -6
[4, -7, -3] = 1
[7, -4, 3] = 3
[1, -2, -1] = 0
[4, -3, 1] = 1
[8, -1, 7] = 7
[4, -2, 2] = 2
[3, -8, -5] = 5
[9, -6, 3] = 3
[9, -7, 2] = 2
[8, -3, 5] = 5
[8, -5, 3] = 3
[5, -9, -4] = 4
[4, -5, -1] = 9
[2, -5, -3] = -3
[5, -6, -1] = 9
[9, -2, 7] = 7
[3, -4, -1] = 1
[3, -4, -1] = 1
[7, -7, 0] = 0
[9, -8, 1] = 1
[1, -4, -3] = 3
[7, -1, 6] = 6
[7, -8, -1] = 1
[6, -5, 1] = 1
[7, -9, -2] = 8
[4, -8, -4] = 6
[5, -7, -2] = 8
[1, -7, -6] = -6
[7, -3, 4] = 4
[3, -9, -6] = 4
[7, -1, 6] = 6
[7, -3, 4] = 4
[3, -1, 2] = 2
[7, -6, 1] = 1
[8, -6, 2] = 2
[7, -5, 2] = 2
[5, -2, 3] = 7
[1, -9, -8] = 0
[6, -4, 2] = 2
[-1, 1, 0] = 2
[-4, 1, -3] = 5
[-3, 4, 1] = 1
[-8, 2, -6] = -6
[-4, 8, 4] = 12
[-6, 3, -3] = -3
[-2, 3, 1] = 5
[-2, 1, -1] = 3
[-7, 7, 0] = 0
[-2, 4, 2] = 6
[-5, 2, -3] = -3
[-1, 6, 5] = 8
[-7, 6, -1] = 13
[-9, 6, -3] = 15
[-7, 8, 1] = 15
[-7, 6, -1] = 13
[-3, 7, 4] = 4
[-9, 5, -4] = 4
[-9, 8, -1] = 1
[-7, 5, -2] = 8
[-4, 2, -2] = 0
[-8, 4, -4] = -4
[-8, 4, -4] = -4
[-7, 6, -1] = 13
[-8, 6, -2] = 0
[-8, 4, -4] = 12
[-5, 6, 1] = 11
[-5, 9, 4] = 14
[-9, 4, -5] = 1
[-4, 7, 3] = 3
[-9, 4, -5] = 5
[-8, 8, 0] = 16
[-2, 5, 3] = -3
[-7, 4, -3] = 1
[-6, 8, 2] = 14
[-9, 6, -3] = 7
[-9, 6, -3] = 15
[-8, 5, -3] = 7
[-5, 4, -1] = 5
[-4, 6, 2] = 10
[-9, 3, -6] = 4
[-4, 8, 4] = 12
[-9, 5, -4] = 4
[-4, 5, 1] = 9
[-6, 3, -3] = -3
[-1, 9, 8] = 11
[-5, 1, -4] = 4
[-9, 5, -4] = 4
[-8, 2, -6] = -6
[-5, 8, 3] = 13
[-8, 6, -2] = 14
[-1, 5, 4] = 4
[-2, 2, 0] = 0
[-8, 2, -6] = -6
[-1, 3, 2] = 5
[-5, 2, -3] = -3
[-2, 9, 7] = 11
[-4, 9, 5] = 13
[-8, 8, 0] = 16
[-7, 5, -2] = 8
[-1, 2, 1] = 4
[-4, 5, 1] = 9
[-3, 4, 1] = 1
[-9, 2, -7] = -7
[-1, 7, 6] = 9
[-8, 5, -3] = 13
[-4, 5, 1] = 9
[-8, 2, -6] = -6
[-5, 4, -1] = 9
[-2, 9, 7] = 11
[-3, 5, 2] = 8
[-2, 1, -1] = 1
[-5, 5, 0] = 0
[-2, 8, 6] = 10
[-7, 5, -2] = 12
[-9, 8, -1] = 1
[-2, 1, -1] = 3
[-6, 5, -1] = -1
[-2, 4, 2] = 2
[-1, 5, 4] = 7
[-1, 3, 2] = 2
[-9, 8, -1] = 1
[-3, 7, 4] = 10
[-2, 8, 6] = 6
[-7, 6, -1] = 13
[-2, 3, 1] = 5
[-7, 8, 1] = 15
[-7, 9, 2] = 16
[-8, 2, -6] = 4
[-5, 6, 1] = 5
[-7, 9, 2] = 16
[-9, 8, -1] = 17
[-1, 4, 3] = 3
[-6, 8, 2] = 2
[-1, 4, 3] = 3
[-9, 3, -6] = 4
[-8, 8, 0] = 16
[-1, 4, 3] = 3
[-5, 9, 4] = 4
[-9, 7, -2] = 2
[-4, 2, -2] = -2
[-2, -3, -5] = -5
[-5, -9, -14] = -14
[-7, -8, -15] = -15
[-4, -8, -12] = -12
[-3, -7, -10] = -10
[-9, -3, -12] = -12
[-5, -7, -12] = -12
[-9, -5, -14] = -14
[-5, -5, -10] = 0
[-8, -3, -11] = -11
[-9, -8, -17] = 17
[-6, -9, -15] = -15
[-7, -8, -15] = -15
[-4, -4, -8] = 5
[-7, -4, -11] = 3
[-1, -6, -7] = -7
[-7, -7, -14] = -14
[-8, -1, -9] = -9
[-9, -6, -15] = -15
[-8, -2, -10] = -10
[-8, -1, -9] = -9
[-7, -3, -10] = -10
[-8, -5, -13] = -13
[-7, -2, -9] = 5
[-9, -7, -16] = -16
[-8, -9, -17] = -17
[-2, -4, -6] = -6
[-4, -2, -6] = -6
[-2, -2, -4] = 0
[-3, -5, -8] = -8
[-1, -6, -7] = -7
[-5, -6, -11] = -11
[-7, -3, -10] = -10
[-9, -7, -16] = -16
[-3, -3, -6] = 0
[-2, -7, -9] = -9
[-4, -8, -12] = -4
[-3, -4, -7] = -7
[-5, -8, -13] = 5
[-1, -8, -9] = -9
[-9, -3, -12] = 6
[-8, -6, -14] = -14
[-5, -7, -12] = -12
[-8, -5, -13] = 3
[-7, -8, -15] = -15
[-4, -7, -11] = -11
[-6, -5, -11] = -11
[-1, -7, -8] = -8
[-1, -1, -2] = 0
[-8, -5, -13] = -13
[-6, -4, -10] = -10
[-5, -3, -8] = -8
[-1, -5, -6] = -6
[-1, -6, -7] = 5
[-2, -5, -7] = -7
[-7, -3, -10] = -10
[-3, -9, -12] = -12
[-9, -9, -18] = 18
[-3, -5, -8] = -8
[-5, -6, -11] = -11
[-8, -2, -10] = -10
[-4, -7, -11] = -11
[-6, -2, -8] = -8
[-1, -5, -6] = -6
[-2, -8, -10] = -10
[-5, -7, -12] = -12
[-2, -4, -6] = -6
[-1, -9, -10] = 8
[-4, -2, -6] = 6
[-5, -7, -12] = 12
[-3, -1, -4] = 2
[-5, -8, -13] = -13
[-2, -4, -6] = -2
[-3, -7, -10] = -10
[-6, -9, -15] = -15
[-3, -7, -10] = -10
[-8, -7, -15] = -15
[-1, -6, -7] = -7
[-8, -8, -16] = 5
[-6, -2, -8] = -8
[-9, -6, -15] = 3
[-7, -5, -12] = 2
[-2, -8, -10] = -10
[-4, -1, -5] = 3
[-6, -4, -10] = -10
[-4, -2, -6] = 2
[-4, -4, -8] = 0
[-6, -3, -9] = -9
[-1, -5, -6] = 4
[-3, -9, -12] = -12
[-3, -2, -5] = -5
[-3, -1, -4] = -4
[-4, -6, -10] = -10
[-3, -5, -8] = -8
[-3, -7, -10] = -10
[-2, -2, -4] = 0
[-8, -6, -14] = 2
[-2, -8, -10] = 6
[-4, -1, -5] = 3
[-5, -8, -13] = -13
[17, 71, 88] = 88
[64, 97, 161] = 161
[72, 66, 138] = 138
[20, 51, 71] = 71
[28, 18, 46] = 46
[45, 89, 134] = 134
[80, 51, 131] = 131
[86, 77, 163] = 163
[68, 74, 142] = 142
[65, 22, 87] = 87
[93, 93, 186] = 186
[37, 65, 102] = 102
[39, 62, 101] = 101
[68, 61, 129] = 129
[22, 50, 72] = 72
[50, 95, 145] = 145
[57, 29, 86] = 86
[18, 21, 39] = 49
[21, 65, 86] = 86
[57, 26, 83] = 83
[17, 85, 102] = 102
[81, 52, 133] = 133
[62, 55, 117] = 117
[16, 46, 62] = 62
[49, 55, 104] = 104
[83, 74, 157] = 157
[29, 94, 123] = 123
[38, 23, 61] = 61
[81, 57, 138] = 138
[45, 83, 128] = 128
[64, 81, 145] = 145
[88, 96, 184] = 184
[13, 87, 100] = 99
[13, 33, 46] = 46
[99, 49, 148] = 148
[54, 10, 64] = 64
[28, 82, 110] = 110
[18, 28, 46] = 46
[21, 77, 98] = 98
[58, 63, 121] = 121
[53, 30, 83] = 83
[49, 51, 100] = 100
[86, 20, 106] = 106
[29, 30, 59] = 59
[16, 96, 112] = 112
[44, 66, 110] = 108
[72, 87, 159] = 159
[63, 44, 107] = 107
[75, 24, 99] = 99
[65, 24, 89] = 89
[96, 96, 192] = 192
[72, 77, 149] = 149
[15, 38, 53] = 53
[86, 17, 103] = 103
[36, 48, 84] = 84
[27, 42, 69] = 69
[51, 25, 76] = 76
[73, 65, 138] = 138
[26, 58, 84] = 84
[39, 74, 113] = 113
[95, 55, 150] = 150
[60, 15, 75] = 75
[12, 68, 80] = 70
[50, 83, 133] = 133
[83, 61, 144] = 144
[47, 24, 71] = 71
[12, 51, 63] = 63
[89, 68, 157] = 157
[21, 65, 86] = 86
[41, 65, 106] = 106
[61, 77, 138] = 138
[60, 49, 109] = 109
[38, 52, 90] = 90
[19, 75, 94] = 94
[77, 75, 152] = 152
[54, 54, 108] = 108
[40, 23, 63] = 63
[42, 35, 77] = 77
[87, 29, 116] = 116
[32, 90, 122] = 122
[69, 82, 151] = 151
[67, 97, 164] = 164
[92, 91, 183] = 183
[51, 90, 141] = 141
[29, 66, 95] = 95
[70, 66, 136] = 136
[45, 85, 130] = 130
[55, 74, 129] = 129
[49, 69, 118] = 118
[14, 17, 31] = 31
[46, 19, 65] = 65
[88, 86, 174] = 174
[59, 69, 128] = 128
[80, 15, 95] = 95
[83, 93, 176] = 176
[51, 87, 138] = 138
[74, 29, 103] = 103
[67, 23, 90] = 90
[20, 74, 94] = 94
[15, 41, 56] = 56
[66, -77, -11] = -14
[88, -30, 58] = 58
[57, -46, 11] = 11
[62, -53, 9] = 9
[16, -90, -74] = 74
[18, -52, -34] = -12
[81, -96, -15] = 0
[46, -42, 4] = 24
[29, -52, -23] = -23
[84, -94, -10] = 70
[54, -49, 5] = 7
[26, -86, -60] = 190
[49, -81, -32] = 70
[92, -52, 40] = 40
[95, -99, -4] = 0
[21, -92, -71] = 18
[75, -56, 19] = 19
[56, -49, 7] = 87
[37, -53, -16] = 14
[34, -38, -4] = 16
[29, -19, 10] = 10
[22, -74, -52] = -52
[77, -14, 63] = 63
[89, -26, 63] = 63
[58, -29, 29] = 29
[33, -98, -65] = 41
[31, -66, -35] = 35
[62, -56, 6] = 7
[66, -88, -22] = 14
[67, -39, 28] = 28
[40, -49, -9] = 11
[34, -57, -23] = -55
[66, -69, -3] = 0
[58, -74, -16] = 19
[63, -30, 33] = 33
[87, -27, 60] = 60
[16, -92, -76] = -76
[57, -80, -23] = -23
[76, -25, 51] = 51
[20, -30, -10] = 10
[67, -75, -8] = 52
[65, -21, 44] = 44
[67, -54, 13] = 13
[63, -16, 47] = 47
[74, -57, 17] = 17
[59, -20, 39] = 39
[38, -13, 25] = 25
[22, -93, -71] = 131
[28, -27, 1] = 0
[46, -70, -24] = -10
[70, -67, 3] = 43
[10, -20, -10] = -10
[42, -37, 5] = 65
[80, -87, -7] = -14
[64, -24, 40] = 40
[40, -48, -8] = 16
[16, -40, -24] = 12
[91, -89, 2] = 4
[18, -24, -6] = -6
[86, -78, 8] = 9
[90, -75, 15] = 16
[40, -28, 12] = 12
[64, -10, 54] = 54
[55, -40, 15] = 15
[63, -33, 30] = 30
[77, -56, 21] = 21
[77, -79, -2] = 0
[74, -80, -6] = -6
[59, -70, -11] = 14
[91, -59, 32] = 32
[42, -12, 30] = 30
[18, -54, -36] = 36
[94, -90, 4] = 0
[84, -52, 32] = 32
[15, -55, -40] = 80
[53, -92, -39] = 41
[97, -69, 28] = 28
[90, -33, 57] = 57
[18, -68, -50] = 49
[47, -35, 12] = 12
[35, -15, 20] = 20
[49, -75, -26] = -26
[79, -70, 9] = 8
[14, -92, -78] = -78
[46, -55, -9] = 91
[93, -52, 41] = 41
[25, -57, -32] = 18
[61, -66, -5] = 0
[53, -33, 20] = 20
[98, -73, 25] = 25
[76, -44, 32] = 32
[64, -20, 44] = 44
[87, -33, 54] = 54
[47, -51, -4] = 9
[20, -51, -31] = 19
[49, -67, -18] = 18
[64, -31, 33] = 33
[54, -67, -13] = 19
[55, -88, -33] = ?
[45, -91, -46] = 56
[-19, 95, 76] = 114
[-56, 75, 19] = 131
[-13, 28, 15] = 15
[-96, 66, -30] = 162
[-26, 18, -8] = 44
[-92, 56, -36] = 148
[-59, 82, 23] = 141
[-87, 29, -58] = 126
[-57, 57, 0] = 114
[-19, 83, 64] = 64.
[-77, 56, -21] = 133
[-50, 93, 43] = 143
[-41, 24, -17] = ?
[-33, 73, 40] = 106
[-59, 81, 22] = 140
[-43, 43, 0] = 0
[-37, 88, 51] = 125
[-98, 72, -26] = 170
[-25, 27, 2] = 52
[-67, 32, -35] = -45
[-21, 97, 76] = 118
[-95, 54, -41] = 149
[-80, 79, -1] = 16
[-48, 30, -18] = 78
[-56, 75, 19] = 131
[-25, 35, 10] = 10
[-40, 73, 33] = 113
[-56, 80, 24] = 136
[-57, 69, 12] = 126
[-26, 88, 62] = 114
[-18, 49, 31] = 31
[-71, 77, 6] = 148
[-62, 83, 21] = 85
[-26, 50, 24] = 76
[-67, 69, 2] = 136
[-54, 26, -28] = 80
[-91, 85, -6] = 176
[-26, 65, 39] = 91
[-17, 25, 8] = 8
[-29, 48, 19] = 77
[-30, 51, 21] = 21
[-54, 76, 22] = 120
[-20, 42, 22] = 62
[-91, 80, -11] = 9
[-26, 90, 64] = 116
[-88, 78, -10] = 90
[-74, 92, 18] = 166
[-85, 84, -1] = -1
[-31, 94, 63] = 125
[-87, 53, -34] = 140
[-15, 13, -2] = 8
[-15, 92, 77] = 77
[-43, 93, 50] = 136
[-83, 63, -20] = 146
[-91, 13, -78] = 48
[-90, 79, -11] = 89
[-92, 48, -44] = -44
[-41, 97, 56] = 138
[-48, 68, 20] = 116
[-98, 17, -81] = -96
[-66, 63, -3] = 65
[-69, 36, -33] = 105
[-87, 28, -59] = -59
[-50, 54, 4] = 104
[-26, 57, 31] = 83
[-81, 23, -58] = 64
[-40, 69, 29] = 109
[-44, 67, 23] = 108
[-28, 22, -6] = 50
[-47, 59, 12] = 106
[-63, 41, -22] = 
[-51, 83, 32] = 32
[-34, 30, -4] = 64
[-75, 69, -6] = 94
[-49, 73, 24] = 122
[-21, 60, 39] = 81
[-68, 40, -28] = 12
[-84, 55, -29] = 139
[-16, 46, 30] = 30
[-86, 93, 7] = 179
[-46, 78, 32] = 124
[-23, 65, 42] = 88
[-43, 56, 13] = 99
[-56, 15, -41] = 71
[-16, 82, 66] = 66
[-34, 56, 22] = 80
[-46, 19, -27] = 27
[-74, 67, -7] = 131
[-45, 89, 44] = 134
[-25, 26, 1] = 51
[-60, 57, -3] = 59
[-81, 56, -25] = 137
[-35, 87, 52] = 52
[-61, 74, 13] = 13
[-15, 14, -1] = 9
[-52, 70, 18] = 122
[-68, 29, -39] = 97
[-75, 27, -48] = 98
[-88, 50, -38] = 138
[-60, 88, 28] = 28
[-85, -53, -138] = 32
[-75, -78, -153] = -153
[-82, -48, -130] = -130
[-12, -57, -69] = -69
[-96, -24, -120] = -120
[-84, -49, -133] = -133
[-86, -70, -156] = -156
[-93, -84, -177] = -177
[-39, -16, -55] = -55
[-71, -31, -102] = -102
[-90, -89, -179] = -179
[-28, -97, -125] = -69
[-14, -83, -97] = -97
[-34, -12, -46] = -46
[-50, -63, -113] = -113
[-62, -98, -160] = -160
[-62, -74, -136] = -136
[-70, -17, -87] = -87
[-76, -36, -112] = -112
[-51, -94, -145] = -145
[-77, -58, -135] = -135
[-32, -68, -100] = -90
[-53, -79, -132] = -132
[-96, -97, -193] = -193
[-88, -71, -159] = 159
[-41, -45, -86] = -86
[-48, -38, -86] = 10
[-46, -36, -82] = -82
[-50, -71, -121] = -121
[-81, -45, -126] = -126
[-25, -83, -108] = -58
[-58, -60, -118] = -118
[-28, -47, -75] = 19
[-46, -20, -66] = -66
[-66, -93, -159] = -159
[-71, -37, -108] = -108
[-78, -44, -122] = -122
[-99, -44, -143] = -143
[-23, -88, -111] = -111
[-40, -41, -81] = -81
[-95, -77, -172] = -172
[-91, -39, -130] = -130
[-22, -62, -84] = -84
[-70, -22, -92] = -92
[-10, -80, -90] = -90
[-62, -93, -155] = -155
[-71, -93, -164] = -164
[-46, -51, -97] = -8
[-92, -17, -109] = -109
[-93, -83, -176] = -176
[-78, -14, -92] = -92
[-63, -32, -95] = -95
[-60, -73, -133] = -133
[-47, -14, -61] = 33
[-48, -82, -130] = -130
[-23, -52, -75] = -75
[-68, -92, -160] = -160
[-77, -73, -150] = 148
[-74, -69, -143] = -143
[-34, -24, -58] = -10
[-30, -68, -98] = -98
[-33, -11, -44] = 9?
[-47, -82, -129] = -129
[-32, -88, -120] = -120
[-64, -75, -139] = -139
[-21, -61, -82] = -40
[-33, -27, -60] = -60
[-51, -41, -92] = -92
[-43, -59, -102] = -16
[-67, -44, -111] = -108
[-48, -84, -132] = -132
[-11, -43, -54] = -54
[-98, -40, -138] = 58
[-95, -25, -120] = -120
[-49, -30, -79] = 19
[-97, -74, -171] = -171
[-98, -25, -123] = -123
[-57, -88, -145] = -145
[-38, -27, -65] = -65
[-29, -68, -97] = -97
[-57, -63, -120] = -120
[-70, -78, -148] = -148
[-41, -97, -138] = -138
[-20, -77, -97] = -57
[-77, -56, -133] = -133
[-82, -24, -106] = -106
[-80, -74, -154] = -154
[-83, -78, -161] = -161
[-31, -51, -82] = -82
[-66, -24, -90] = -90
[-84, -72, -156] = -156
[-75, -67, -142] = -142
[-68, -26, -94] = -94
[-63, -68, -131] = -131
[-17, -81, -98] = -98
[-96, -49, -145] = -145
[-60, -42, -102] = -102
[-37, -84, -121] = -121
[-15, -64, -79] = -89
[-99, -18, -117] = -117
[161, 170, 331] = 331
[132, 393, 525] = 525
[284, 887, 1171] = 1171
[884, 756, 1640] = 1640
[483, 491, 974] = 974
[990, 486, 1476] = 1476
[182, 799, 981] = 981
[236, 769, 1005] = 975
[221, 282, 503] = 403
[502, 641, 1143] = 1143
[845, 328, 1173] = 1173
[874, 123, 997] = 997
[574, 789, 1363] = 1363
[534, 644, 1178] = 1178
[943, 335, 1278] = 1278
[571, 454, 1025] = 1025
[382, 293, 675] = 675
[132, 928, 1060] = 1060
[729, 884, 1613] = 1563
[346, 311, 657] = 657
[203, 708, 911] = 911
[557, 712, 1269] = 1269
[350, 858, 1208] = 1208
[511, 549, 1060] = 1060
[652, 322, 974] = 974
[243, 615, 858] = 888
[339, 935, 1274] = 1274
[426, 691, 1117] = 1017
[891, 788, 1679] = 1679
[342, 409, 751] = 751
[776, 633, 1409] = 1409
[523, 407, 930] = 930
[162, 670, 832] = 832
[852, 279, 1131] = 1131
[669, 607, 1276] = 1276
[452, 758, 1210] = 1209
[904, 637, 1541] = 1541
[813, 526, 1339] = 1339
[252, 407, 659] = 659
[288, 872, 1160] = 1160
[584, 346, 930] = 930
[407, 978, 1385] = 1385
[925, 574, 1499] = 1499
[675, 522, 1197] = 1197
[670, 642, 1312] = 1312
[497, 348, 845] = 845
[308, 438, 746] = 746
[560, 967, 1527] = 1527
[194, 648, 842] = 842
[152, 374, 526] = 526
[789, 719, 1508] = 1498
[140, 994, 1134] = 1134
[292, 923, 1215] = 1215
[841, 787, 1628] = 1628
[322, 590, 912] = 842
[990, 440, 1430] = 1430
[115, 316, 431] = 431
[859, 220, 1079] = 1079
[348, 812, 1160] = 1160
[820, 309, 1129] = 1129
[345, 665, 1010] = 970
[894, 389, 1283] = 1,283
[577, 646, 1223] = 1223
[415, 367, 782] = 782
[625, 609, 1234] = 1234
[200, 922, 1122] = 1122
[879, 959, 1838] = 1838
[308, 479, 787] = 787
[523, 146, 669] = 670
[984, 326, 1310] = 1310
[116, 367, 483] = 483
[698, 693, 1391] = 1391
[402, 256, 658] = 658
[437, 335, 772] = 772
[683, 953, 1636] = 1636
[611, 663, 1274] = 1274
[363, 881, 1244] = 1,244
[840, 757, 1597] = 1697
[571, 272, 843] = 843
[273, 243, 516] = 516
[600, 288, 888] = 888
[757, 160, 917] = 917
[134, 959, 1093] = 1093
[937, 784, 1721] = 1721
[882, 106, 988] = 988
[240, 962, 1202] = 1202
[169, 824, 993] = 1093
[109, 323, 432] = 432
[566, 482, 1048] = 1048
[732, 753, 1485] = 1485
[594, 775, 1369] = 1369
[116, 106, 222] = 222
[664, 521, 1185] = 1185
[117, 642, 759] = 759
[648, 393, 1041] = 1041
[614, 932, 1546] = 1546
[925, 283, 1208] = 1208
[198, 636, 834] = 834
[346, 296, 642] = 642
[639, 358, 997] = 997
[373, -914, -541] = 641
[180, -482, -302] = -302
[570, -678, -108] = 902
[813, -331, 482] = 482
[800, -947, -147] = 613
[769, -978, -209] = -201
[195, -515, -320] = 320
[486, -665, -179] = 191
[157, -752, -595] = 595
[819, -275, 544] = 544
[611, -965, -354] = -354
[760, -903, -143] = 847
[679, -978, -299] = 601
[640, -143, 497] = 497
[316, -988, -672] = 604
[586, -377, 209] = 209
[176, -800, -624] = -624
[283, -970, -687] = 643
[116, -312, -196] = 194
[247, -870, -623] = -563
[178, -406, -228] = 224
[677, -346, 331] = 331
[954, -969, -15] = 0
[793, -653, 140] = 140
[493, -873, -380] = 310
[909, -805, 104] = 104
[612, -863, -251] = 491
[154, -200, -46] = 39
[337, -958, -621] = 615
[448, -719, -271] = -301
[709, -506, 203] = 154
[130, -749, -619] = -619
[902, -561, 341] = 341
[333, -464, -131] = 299
[484, -542, -58] = 192
[796, -699, 97] = 97
[187, -890, -703] = 697
[402, -917, -515] = 515
[830, -175, 655] = 655
[374, -257, 117] = 117
[828, -902, -74] = 716
[857, -498, 359] = 360
[469, -209, 260] = 260
[105, -415, -310] = -290
[468, -879, -411] = 381
[204, -235, -31] = 89
[291, -541, -250] = 207
[670, -668, 2] = 14
[517, -205, 312] = 312
[191, -462, -271] = -170
[195, -711, -516] = 506